0.      0.      -0.3600000000000004      -0.3600000000000004      
  0.      0.25      -0.3572093303837618      -0.35581762215570684      
  0.      0.5      -0.34909260380366364      -0.3436952694885429      
  0.      0.75      -0.3363679247966505      -0.32482391737973204      
  0.      1.      -0.32008672470135185      -0.30093528651880447      
  0.      1.25      -0.30145837151731      -0.2739985156974283      
  0.      1.5      -0.2816734678728197      -0.24591827209886083      
  0.      1.75      -0.2617639614386499      -0.2183012129972163      
  0.      2.      -0.24252120825960588      -0.19232654126628965      
  0.      2.25      -0.22447362405708646      -0.16872121362462283      
  0.      2.5      -0.20791071798518027      -0.14781421322799176      
  0.      2.75      -0.1929336530095064      -0.12963334255479245      
  0.      3.      -0.17951347976579368      -0.11401088977641752      
  0.      3.25      -0.16754378449587942      -0.10067540978004044      
  0.      3.5      -0.15688119542664428      -0.08931929474787247      
  0.      3.75      -0.1473725878879199      -0.0796414594204      
  0.      4.      -0.13887099386151208      -0.07136982708984128      
  0.      4.25      -0.13124337115339005      -0.06426994495299035      
  0.      4.5      -0.12437324335163016      -0.05814542033634083      
  0.      4.75      -0.1181605097104417      -0.05283432406794189      
  0.      5.      -0.11251993414458367      -0.04820414105474112      
  0.      5.25      -0.10737918667404506      -0.04414665081003204      
  0.      5.5      -0.10267688270514706      -0.04057335321158149      
  0.      5.75      -0.0983608128758603      -0.03741162880265564      
  0.      6.      -0.09438642306634124      -0.034601619016731124      
  0.25      0.      -0.35581762215570684      -0.3572093303837618      
  0.25      0.25      -0.35307009220265695      -0.35307009220265695      
  0.25      0.5      -0.34507835313533286      -0.341072238065877      
  0.25      0.75      -0.33254809780884986      -0.3223930106274142      
  0.25      1.      -0.3165127497469672      -0.2987443550169259      
  0.25      1.25      -0.2981612713630701      -0.2720732809995482      
  0.25      1.5      -0.27866462863821967      -0.24426357856710457      
  0.25      1.75      -0.25903832782074837      -0.21690497170778264      
  0.25      2.      -0.24006179316333834      -0.19116503631170845      
  0.25      2.25      -0.22225622649631482      -0.16776447820571755      
  0.25      2.5      -0.2059080255630094      -0.14703054435574162      
  0.25      2.75      -0.19111829926991475      -0.12899250493412398      
  0.25      3.      -0.17785998374052622      -0.11348598259092824      
  0.25      3.25      -0.16602953620102953      -0.10024363821459749      
  0.25      3.5      -0.155486753147222      -0.08896199088508551      
  0.25      3.75      -0.14608155305849868      -0.07934367898461775      
  0.25      4.      -0.13766967444775538      -0.07111976949977811      
  0.25      4.25      -0.1301203746254886      -0.06405835311559649      
  0.25      4.5      -0.1233190794114823      -0.05796504119150294      
  0.25      4.75      -0.11716723974026783      -0.05267945999274475      
  0.25      5.      -0.11158087834547116      -0.048070293554537694      
  0.25      5.25      -0.1064886866102203      -0.0440302449280217      
  0.25      5.5      -0.10183011162569174      -0.040471527303019596      
  0.25      5.75      -0.0975536250427155      -0.03732207503124735      
  0.25      6.      -0.0936152340443298      -0.03452246232068877      
  0.5      0.      -0.3436952694885429      -0.34909260380366364      
  0.5      0.25      -0.341072238065877      -0.34507835313533286      
  0.5      0.5      -0.33344123838882056      -0.33344123838882056      
  0.5      0.75      -0.3214722314349643      -0.3153188016847686      
  0.5      1.      -0.30614678511441823      -0.29236580441811816      
  0.5      1.25      -0.2885950774418317      -0.2664652419644701      
  0.5      1.5      -0.26993147002692486      -0.2394404743305034      
  0.5      1.75      -0.2511240308058176      -0.21283216439298955      
  0.5      2.      -0.23291770563358663      -0.18777414552973887      
  0.5      2.25      -0.21581279272707538      -0.16496891797730454      
  0.5      2.5      -0.20008660521252356      -0.14473858656124927      
  0.5      2.75      -0.1858399900199339      -0.1271165658098778      
  0.5      3.      -0.17305123267792982      -0.11194804991589036      
  0.5      3.25      -0.1616250056447152      -0.09897753213464838      
  0.5      3.5      -0.15143020195038384      -0.08791345026854232      
  0.5      3.75      -0.14232549631565924      -0.07846921496118961      
  0.5      4.      -0.13417442824949585      -0.0703850013531261      
  0.5      4.25      -0.12685289269849484      -0.06343627976568868      
  0.5      4.5      -0.12025181362360314      -0.05743448396568791      
  0.5      4.75      -0.11427713217826314      -0.052223765226192785      
  0.5      5.      -0.10884851764063315      -0.04767630037004782      
  0.5      5.25      -0.10389762275730959      -0.04368748562551036      
  0.5      5.5      -0.09936630788879702      -0.04017161652843673      
  0.5      5.75      -0.09520502203912434      -0.03705824571090458      
  0.5      6.      -0.09137140304017839      -0.03428921309402961      
  0.75      0.      -0.32482391737973204      -0.3363679247966505      
  0.75      0.25      -0.3223930106274142      -0.33254809780884986      
  0.75      0.5      -0.3153188016847686      -0.3214722314349643      
  0.75      0.75      -0.3042163827504518      -0.3042163827504518      
  0.75      1.      -0.28998765335911875      -0.2823467089972626      
  0.75      1.25      -0.27367240342637783      -0.2576469391483426      
  0.75      1.5      -0.2562978496880504      -0.23184661070209114      
  0.75      1.75      -0.23875888894464598      -0.20641006943530404      
  0.75      2.      -0.22174712561757393      -0.18241848833041702      
  0.75      2.25      -0.20573033756547654      -0.16054575330921406      
  0.75      2.5      -0.1909714918704708      -0.14110562223276307      
  0.75      2.75      -0.17757070133515274      -0.12413761963806422      
  0.75      3.      -0.16551421939793795      -0.10950154908734029      
  0.75      3.25      -0.15471917599963803      -0.09696010896257172      
  0.75      3.5      -0.14506835405672458      -0.0862401567303197      
  0.75      3.75      -0.13643385773252814      -0.07707180757395486      
  0.75      4.      -0.12869123250320022      -0.06920940319173642      
  0.75      4.25      -0.12172661944610962      -0.06243992457797842      
  0.75      4.5      -0.11543945234951915      -0.05658391203413876      
  0.75      4.75      -0.10974263876070024      -0.05149261272527107      
  0.75      5.      -0.10456151735940902      -0.047043694300774104      
  0.75      5.25      -0.09983235345880655      -0.0431367966082415      
  0.75      5.5      -0.09550077216938685      -0.03968950331847095      
  0.75      5.75      -0.09152031127365223      -0.036633927368783334      
  0.75      6.      -0.08785115859929642      -0.03391391468646621      
  1.      0.      -0.30093528651880447      -0.32008672470135185      
  1.      0.25      -0.2987443550169259      -0.3165127497469672      
  1.      0.5      -0.29236580441811816      -0.30614678511441823      
  1.      0.75      -0.2823467089972626      -0.28998765335911875      
  1.      1.      -0.2694901314243062      -0.2694901314243062      
  1.      1.25      -0.2547235851659799      -0.24631301718328272      
  1.      1.5      -0.23896583399257568      -0.22206755261449032      
  1.      1.75      -0.22302045230951129      -0.19812158451403666      
  1.      2.      -0.20751216840216946      -0.17548937440576678      
  1.      2.25      -0.19286764774500675      -0.15480806967289334      
  1.      2.5      -0.17933132077593392      -0.13638021399038067      
  1.      2.75      -0.16700175702086353      -0.12025241752296524      
  1.      3.      -0.15587461424595936      -0.10630242295872668      
  1.      3.25      -0.14588215984295158      -0.09431556289893811      
  1.      3.5      -0.1369242397736779      -0.08404175193293642      
  1.      3.75      -0.128889568835236      -0.07523212336577753      
  1.      4.      -0.12166862183256269      -0.06765892462989882      
  1.      4.25      -0.11516033924558132      -0.06112374765572734      
  1.      4.5      -0.10927482861737114      -0.05545873935631463      
  1.      4.75      -0.10393376715002757      -0.05052422636729623      
  1.      5.      -0.09906965341910212      -0.04620492818449215      
  1.      5.25      -0.09462459426071469      -0.042405953625691654      
  1.      5.5      -0.0905489940301467      -0.03904913747587329      
  1.      5.75      -0.08680031956650915      -0.03606991241481264      
  1.      6.      -0.08334200788925303      -0.03341473221976416      
  1.25      0.      -0.2739985156974283      -0.30145837151731      
  1.25      0.25      -0.2720732809995482      -0.2981612713630701      
  1.25      0.5      -0.2664652419644701      -0.2885950774418317      
  1.25      0.75      -0.2576469391483426      -0.27367240342637783      
  1.25      1.      -0.24631301718328272      -0.2547235851659799      
  1.25      1.25      -0.23326762018723202      -0.23326762018723202      
  1.25      1.5      -0.21931003888843756      -0.21078305467241765      
  1.25      1.75      -0.20514285909011165      -0.18852908023253673      
  1.25      2.      -0.19131640389252375      -0.16744413394595778      
  1.25      2.25      -0.17821109145638578      -0.14812316520143742      
  1.25      2.5      -0.16604990764621588      -0.13085510327958302      
  1.25      2.75      -0.1549287730023486      -0.11569357480324112      
  1.25      3.      -0.1448529291069091      -0.10253571538666235      
  1.25      3.25      -0.13577075886693732      -0.09119175674440157      
  1.25      3.5      -0.12760055840903234      -0.08143721475749001      
  1.25      3.75      -0.12024917571527045      -0.07304672281558926      
  1.25      4.      -0.11362350353151192      -0.06581267041312026      
  1.25      4.25      -0.10763664636956792      -0.05955317878178857      
  1.25      4.5      -0.10221058921323697      -0.05411359683482641      
  1.25      4.75      -0.09727681626341822      -0.04936463247560588      
  1.25      5.      -0.09277586801654629      -0.04519910785915766      
  1.25      5.25      -0.08865643751319266      -0.04152844461137427      
  1.25      5.5      -0.08487433529682825      -0.038279405331948145      
  1.25      5.75      -0.08139148504876385      -0.03539128572621724      
  1.25      6.      -0.0781750180577701      -0.03281358478742786      
  1.5      0.      -0.24591827209886083      -0.2816734678728197      
  1.5      0.25      -0.24426357856710457      -0.27866462863821967      
  1.5      0.5      -0.2394404743305034      -0.26993147002692486      
  1.5      0.75      -0.23184661070209114      -0.2562978496880504      
  1.5      1.      -0.22206755261449032      -0.23896583399257568      
  1.5      1.25      -0.21078305467241765      -0.21931003888843756      
  1.5      1.5      -0.19867155604254105      -0.19867155604254105      
  1.5      1.75      -0.18633299270142906      -0.1781965012480502      
  1.5      2.      -0.1742414807402801      -0.15874378217587234      
  1.5      2.25      -0.1627294221054095      -0.14086336502988772      
  1.5      2.5      -0.15199678313936324      -0.12482873689609802      
  1.5      2.75      -0.1421355680608683      -0.11069957939016135      
  1.5      3.      -0.13315969337513422      -0.09839215787255193      
  1.5      3.25      -0.1250330993303188      -0.0877418430704553      
  1.5      3.5      -0.11769227562592466      -0.07855031052718742      
  1.5      3.75      -0.11106217890171935      -0.0706164185692922      
  1.5      4.      -0.10506625542449655      -0.06375347856291091      
  1.5      4.25      -0.09963200659094404      -0.057796902706028525      
  1.5      4.5      -0.09469357636006351      -0.05260594352673258      
  1.5      4.75      -0.09019255219794127      -0.04806231236090875      
  1.5      5.      -0.08607780601487915      -0.04406747194574997      
  1.5      5.25      -0.08230488762445073      -0.04053961407638735      
  1.5      5.5      -0.07883525965360436      -0.03741081386452265      
  1.5      5.75      -0.07563552213699269      -0.034624551513873406      
  1.5      6.      -0.07267669439152613      -0.03213363893528706      
  1.75      0.      -0.2183012129972163      -0.2617639614386499      
  1.75      0.25      -0.21690497170778264      -0.25903832782074837      
  1.75      0.5      -0.21283216439298955      -0.2511240308058176      
  1.75      0.75      -0.20641006943530404      -0.23875888894464598      
  1.75      1.      -0.19812158451403666      -0.22302045230951129      
  1.75      1.25      -0.18852908023253673      -0.20514285909011165      
  1.75      1.5      -0.1781965012480502      -0.18633299270142906      
  1.75      1.75      -0.16762596212467415      -0.16762596212467415      
  1.75      2.      -0.15721829063959492      -0.1498018887115554      
  1.75      2.25      -0.14725896491343957      -0.13336534698344132      
  1.75      2.5      -0.1379245939201058      -0.11857318885663153      
  1.75      2.75      -0.12930201856453716      -0.1054895868980097      
  1.75      3.      -0.12141216491186944      -0.09404834966652216      
  1.75      3.25      -0.11423281767925911      -0.08410860737865389      
  1.75      3.5      -0.10771712611369424      -0.0754971303147467      
  1.75      3.75      -0.10180690169528538      -0.06803626513948927      
  1.75      4.      -0.09644118549955936      -0.06155979453055678      
  1.75      4.25      -0.09156117927830179      -0.05592019184639277      
  1.75      4.5      -0.08711270006670098      -0.05099053801700527      
  1.75      4.75      -0.08304711089147257      -0.04666357145844577      
  1.75      5.      -0.07932140067952238      -0.04284947619199171      
  1.75      5.25      -0.07589784004834284      -0.03947332316641158      
  1.75      5.5      -0.07274346067259659      -0.03647261886352257      
  1.75      5.75      -0.06982949093642501      -0.03379514575732925      
  1.75      6.      -0.06713081297314899      -0.03139713938561979      
  2.      0.      -0.19232654126628965      -0.24252120825960588      
  2.      0.25      -0.19116503631170845      -0.24006179316333834      
  2.      0.5      -0.18777414552973887      -0.23291770563358663      
  2.      0.75      -0.18241848833041702      -0.22174712561757393      
  2.      1.      -0.17548937440576678      -0.20751216840216946      
  2.      1.25      -0.16744413394595778      -0.19131640389252375      
  2.      1.5      -0.15874378217587234      -0.1742414807402801      
  2.      1.75      -0.1498018887115554      -0.15721829063959492      
  2.      2.      -0.1409522378281594      -0.1409522378281594      
  2.      2.25      -0.13243659303425961      -0.12590397917460025      
  2.      2.5      -0.12440890093701466      -0.11231317976056816      
  2.      2.75      -0.11694978631060515      -0.1002466715954367      
  2.      3.      -0.11008515226813294      -0.08965339572729122      
  2.      3.25      -0.10380423430494705      -0.08041377985955117      
  2.      3.5      -0.09807450042008464      -0.07237749627515226      
  2.      3.75      -0.09285255339838536      -0.06538859810358981      
  2.      4.      -0.08809132624172822      -0.059299986415530845      
  2.      4.25      -0.08374437553125641      -0.053980221874387425      
  2.      4.5      -0.07976815727654504      -0.04931554302139316      
  2.      4.75      -0.07612302789019862      -0.04520927093197986      
  2.      5.      -0.07277350583483437      -0.04158002749107756      
  2.      5.25      -0.06968814144234016      -0.038359589770853464      
  2.      5.5      -0.06683920279494716      -0.035490796141175104      
  2.      5.75      -0.06420229384602053      -0.03292567968080432      
  2.      6.      -0.06175596557960746      -0.030623878238302035      
  2.25      0.      -0.16872121362462283      -0.22447362405708646      
  2.25      0.25      -0.16776447820571755      -0.22225622649631482      
  2.25      0.5      -0.16496891797730454      -0.21581279272707538      
  2.25      0.75      -0.16054575330921406      -0.20573033756547654      
  2.25      1.      -0.15480806967289334      -0.19286764774500675      
  2.25      1.25      -0.14812316520143742      -0.17821109145638578      
  2.25      1.5      -0.14086336502988772      -0.1627294221054095      
  2.25      1.75      -0.13336534698344132      -0.14725896491343957      
  2.25      2.      -0.12590397917460025      -0.13243659303425961      
  2.25      2.25      -0.1186818325030037      -0.1186818325030037      
  2.25      2.5      -0.11183165523440058      -0.10621720043768136      
  2.25      2.75      -0.10542712018884566      -0.09511038829432725      
  2.25      3.      -0.09949705971038723      -0.08532271806977573      
  2.25      3.25      -0.09403953671189379      -0.0767529082095232      
  2.25      3.5      -0.08903365143082449      -0.06927072051266617      
  2.25      3.75      -0.08444834464598099      -0.06273952303622116      
  2.25      4.      -0.08024835125328841      -0.05702943018975671      
  2.25      4.25      -0.07639787894460477      -0.05202364154251017      
  2.25      4.5      -0.07286267133368012      -0.047620488341595595      
  2.25      4.75      -0.0696110226292423      -0.043733109801251766      
  2.25      5.      -0.06661416168590516      -0.040288025859676856      
  2.25      5.25      -0.06384628309135092      -0.037223342950073485      
  2.25      5.5      -0.061284396408825687      -0.03448697055940571      
  2.25      5.75      -0.05890809307651449      -0.03203501311032095      
  2.25      6.      -0.05669928605196145      -0.029830388368778323      
  2.5      0.      -0.14781421322799176      -0.20791071798518027      
  2.5      0.25      -0.14703054435574162      -0.2059080255630094      
  2.5      0.5      -0.14473858656124927      -0.20008660521252356      
  2.5      0.75      -0.14110562223276307      -0.1909714918704708      
  2.5      1.      -0.13638021399038067      -0.17933132077593392      
  2.5      1.25      -0.13085510327958302      -0.16604990764621588      
  2.5      1.5      -0.12482873689609802      -0.15199678313936324      
  2.5      1.75      -0.11857318885663153      -0.1379245939201058      
  2.5      2.      -0.11231317976056816      -0.12440890093701466      
  2.5      2.25      -0.10621720043768136      -0.11183165523440058      
  2.5      2.5      -0.10039875829698008      -0.10039875829698008      
  2.5      2.75      -0.0949242076905004      -0.09017720491790464      
  2.5      3.      -0.08982350172363371      -0.08113798990216779      
  2.5      3.25      -0.08510102863216502      -0.07319501619154743      
  2.5      3.5      -0.08074486044326253      -0.06623513493330721      
  2.5      3.75      -0.07673378031825759      -0.060138406752871104      
  2.5      4.      -0.0730421496843708      -0.054790013198448936      
  2.5      4.25      -0.06964301597104419      -0.05008611399542674      
  2.5      4.5      -0.06650994409614776      -0.04593586025046912      
  2.5      4.75      -0.06361799804917334      -0.04226126406394589      
  2.5      5.      -0.06094419359594721      -0.038996050544619944      
  2.5      5.25      -0.05846764048163831      -0.03608415133086648      
  2.5      5.5      -0.05616951258177191      -0.0334781814470712      
  2.5      5.75      -0.054032929486584086      -0.03113805178238929      
  2.5      6.      -0.052042798034417366      -0.02902976795930993      
  2.75      0.      -0.12963334255479245      -0.1929336530095064      
  2.75      0.25      -0.12899250493412398      -0.19111829926991475      
  2.75      0.5      -0.1271165658098778      -0.1858399900199339      
  2.75      0.75      -0.12413761963806422      -0.17757070133515274      
  2.75      1.      -0.12025241752296524      -0.16700175702086353      
  2.75      1.25      -0.11569357480324112      -0.1549287730023486      
  2.75      1.5      -0.11069957939016135      -0.1421355680608683      
  2.75      1.75      -0.1054895868980097      -0.12930201856453716      
  2.75      2.      -0.1002466715954367      -0.11694978631060515      
  2.75      2.25      -0.09511038829432725      -0.10542712018884566      
  2.75      2.5      -0.09017720491790464      -0.0949242076905004      
  2.75      2.75      -0.08550614585919124      -0.08550614585919124      
  2.75      3.      -0.08112685473376052      -0.07715118769144597      
  2.75      3.25      -0.07704788414263414      -0.0697855236969603      
  2.75      3.5      -0.07326389071934353      -0.06331021792003365      
  2.75      3.75      -0.06976120243130424      -0.057619451847590306      
  2.75      4.      -0.0665217619298774      -0.05261132425027835      
  2.75      4.25      -0.0635257209586737      -0.04819323715124543      
  2.75      4.5      -0.06075303623866936      -0.04428383009009747      
  2.75      4.75      -0.058184384220892976      -0.040812976438996625      
  2.75      5.      -0.05580163875450722      -0.037720847100205755      
  2.75      5.25      -0.053588081362622726      -0.03495663255931347      
  2.75      5.5      -0.051528454536816634      -0.03247723203672231      
  2.75      5.75      -0.0496089268174135      -0.030246049381643166      
  2.75      6.      -0.04781701130435144      -0.028231944364284514      
  3.      0.      -0.11401088977641752      -0.17951347976579368      
  3.      0.25      -0.11348598259092824      -0.17785998374052622      
  3.      0.5      -0.11194804991589036      -0.17305123267792982      
  3.      0.75      -0.10950154908734029      -0.16551421939793795      
  3.      1.      -0.10630242295872668      -0.15587461424595936      
  3.      1.25      -0.10253571538666235      -0.1448529291069091      
  3.      1.5      -0.09839215787255193      -0.13315969337513422      
  3.      1.75      -0.09404834966652216      -0.12141216491186944      
  3.      2.      -0.08965339572729122      -0.11008515226813294      
  3.      2.25      -0.08532271806977573      -0.09949705971038723      
  3.      2.5      -0.08113798990216779      -0.08982350172363371      
  3.      2.75      -0.07715118769144597      -0.08112685473376052      
  3.      3.      -0.073390630440135      -0.073390630440135      
  3.      3.25      -0.06986731200793764      -0.06655079094633747      
  3.      3.5      -0.06658048510888924      -0.06052004598932896      
  3.      3.75      -0.06352205515193607      -0.05520435325749165      
  3.      4.      -0.06067975632050828      -0.05051273034815362      
  3.      4.25      -0.05803929730370954      -0.046362194461842934      
  3.      4.5      -0.0555857301683361      -0.04267958850886999      
  3.      4.75      -0.05330427780485529      -0.03940165205179373      
  3.      5.      -0.05118080446380119      -0.036474240438789475      
  3.      5.25      -0.04920206019830771      -0.03385122423916906      
  3.      5.5      -0.04735578628122566      -0.031493348042552986      
  3.      5.75      -0.04563073735818451      -0.02936717592319775      
  3.      6.      -0.04401665529423765      -0.02744416906351286      
  3.25      0.      -0.10067540978004044      -0.16754378449587942      
  3.25      0.25      -0.10024363821459749      -0.16602953620102953      
  3.25      0.5      -0.09897753213464838      -0.1616250056447152      
  3.25      0.75      -0.09696010896257172      -0.15471917599963803      
  3.25      1.      -0.09431556289893811      -0.14588215984295158      
  3.25      1.25      -0.09119175674440157      -0.13577075886693732      
  3.25      1.5      -0.0877418430704553      -0.1250330993303188      
  3.25      1.75      -0.08410860737865389      -0.11423281767925911      
  3.25      2.      -0.08041377985955117      -0.10380423430494705      
  3.25      2.25      -0.0767529082095232      -0.09403953671189379      
  3.25      2.5      -0.07319501619154743      -0.08510102863216502      
  3.25      2.75      -0.0697855236969603      -0.07704788414263414      
  3.25      3.      -0.06655079094633747      -0.06986731200793764      
  3.25      3.25      -0.06350297174379785      -0.06350297174379785      
  3.25      3.5      -0.060644354663851145      -0.05787704115841977      
  3.25      3.75      -0.05797082980367319      -0.05290522244794707      
  3.25      4.      -0.05547443943459442      -0.04850568757371138      
  3.25      4.25      -0.05314514085540036      -0.04460360640871759      
  3.25      4.5      -0.05097196581136447      -0.041132849813859236      
  3.25      4.75      -0.04894375161089591      -0.03803609750690543      
  3.25      5.      -0.04704958342084323      -0.03526416859909844      
  3.25      5.25      -0.045279048223559784      -0.03277505667995118      
  3.25      5.5      -0.043622368576892924      -0.030532922419606423      
  3.25      5.75      -0.04207046083339911      -0.02850715944825033      
  3.25      6.      -0.040614946621876986      -0.026671575336920657      
  3.5      0.      -0.08931929474787247      -0.15688119542664428      
  3.5      0.25      -0.08896199088508551      -0.155486753147222      
  3.5      0.5      -0.08791345026854232      -0.15143020195038384      
  3.5      0.75      -0.0862401567303197      -0.14506835405672458      
  3.5      1.      -0.08404175193293642      -0.1369242397736779      
  3.5      1.25      -0.08143721475749001      -0.12760055840903234      
  3.5      1.5      -0.07855031052718742      -0.11769227562592466      
  3.5      1.75      -0.0754971303147467      -0.10771712611369424      
  3.5      2.      -0.07237749627515226      -0.09807450042008464      
  3.5      2.25      -0.06927072051266617      -0.08903365143082449      
  3.5      2.5      -0.06623513493330721      -0.08074486044326253      
  3.5      2.75      -0.06331021792003365      -0.07326389071934353      
  3.5      3.      -0.06052004598932896      -0.06658048510888924      
  3.5      3.25      -0.05787704115841977      -0.060644354663851145      
  3.5      3.5      -0.055385363819173895      -0.055385363819173895      
  3.5      3.75      -0.0530436558176001      -0.050727260718765425      
  3.5      4.      -0.05084708858144425      -0.046595868881296076      
  3.5      4.25      -0.04878880564178291      -0.04292324347782755      
  3.5      4.5      -0.04686089539898723      -0.03964924755951087      
  3.5      4.75      -0.04505502557368206      -0.03672167157402324      
  3.5      5.      -0.04336284530591497      -0.03409564255493131      
  3.5      5.25      -0.04177623215104976      -0.03173276229823801      
  3.5      5.5      -0.04028743710322086      -0.029600204894664084      
  3.5      5.75      -0.03888916309534211      -0.02766987893181717      
  3.5      6.      -0.03757460036228832      -0.025917692422634662      
  3.75      0.      -0.0796414594204      -0.1473725878879199      
  3.75      0.25      -0.07934367898461775      -0.14608155305849868      
  3.75      0.5      -0.07846921496118961      -0.14232549631565924      
  3.75      0.75      -0.07707180757395486      -0.13643385773252814      
  3.75      1.      -0.07523212336577753      -0.128889568835236      
  3.75      1.25      -0.07304672281558926      -0.12024917571527045      
  3.75      1.5      -0.0706164185692922      -0.11106217890171935      
  3.75      1.75      -0.06803626513948927      -0.10180690169528538      
  3.75      2.      -0.06538859810358981      -0.09285255339838536      
  3.75      2.25      -0.06273952303622116      -0.08444834464598099      
  3.75      2.5      -0.060138406752871104      -0.07673378031825759      
  3.75      2.75      -0.057619451847590306      -0.06976120243130424      
  3.75      3.      -0.05520435325749165      -0.06352205515193607      
  3.75      3.25      -0.05290522244794707      -0.05797082980367319      
  3.75      3.5      -0.050727260718765425      -0.0530436558176001      
  3.75      3.75      -0.048670941556087435      -0.048670941556087435      
  3.75      4.      -0.04673365913392413      -0.04478491339615256      
  3.75      4.25      -0.04491090700389671      -0.04132344091633835      
  3.75      4.5      -0.04319708903939756      -0.03823149003691865      
  3.75      4.75      -0.04158606268497194      -0.03546123863506097      
  3.75      5.      -0.040071495790316665      -0.0329715410682802      
  3.75      5.25      -0.03864709672017982      -0.030727144922737506      
  3.75      5.5      -0.03730675917848556      -0.028697870961461352      
  3.75      5.75      -0.03604464974733765      -0.026857852357961228      
  3.75      6.      -0.03485525692946226      -0.025184867677242682      
  4.      0.      -0.07136982708984128      -0.13887099386151208      
  4.      0.25      -0.07111976949977811      -0.13766967444775538      
  4.      0.5      -0.0703850013531261      -0.13417442824949585      
  4.      0.75      -0.06920940319173642      -0.12869123250320022      
  4.      1.      -0.06765892462989882      -0.12166862183256269      
  4.      1.25      -0.06581267041312026      -0.11362350353151192      
  4.      1.5      -0.06375347856291091      -0.10506625542449655      
  4.      1.75      -0.06155979453055678      -0.09644118549955936      
  4.      2.      -0.059299986415530845      -0.08809132624172822      
  4.      2.25      -0.05702943018975671      -0.08024835125328841      
  4.      2.5      -0.054790013198448936      -0.0730421496843708      
  4.      2.75      -0.05261132425027835      -0.0665217619298774      
  4.      3.      -0.05051273034815362      -0.06067975632050828      
  4.      3.25      -0.04850568757371138      -0.05547443943459442      
  4.      3.5      -0.046595868881296076      -0.05084708858144425      
  4.      3.75      -0.04478491339615256      -0.04673365913392413      
  4.      4.      -0.04307175920743107      -0.04307175920743107      
  4.      4.25      -0.04145360731012904      -0.039804182925157375      
  4.      4.5      -0.03992659521723834      -0.036880248779833244      
  4.      4.75      -0.038486257776204      -0.034255902833208514      
  4.      5.      -0.0371278383786046      -0.031893222584474946      
  4.      5.25      -0.03584649710283091      -0.0297596943148563      
  4.      5.5      -0.034637448242734306      -0.02782745831500628      
  4.      5.75      -0.03349604931601015      -0.026072610059252817      
  4.      6.      -0.03241785654880947      -0.02447458852104905      
  4.25      0.      -0.06426994495299035      -0.13124337115339005      
  4.25      0.25      -0.06405835311559649      -0.1301203746254886      
  4.25      0.5      -0.06343627976568868      -0.12685289269849484      
  4.25      0.75      -0.06243992457797842      -0.12172661944610962      
  4.25      1.      -0.06112374765572734      -0.11516033924558132      
  4.25      1.25      -0.05955317878178857      -0.10763664636956792      
  4.25      1.5      -0.057796902706028525      -0.09963200659094404      
  4.25      1.75      -0.05592019184639277      -0.09156117927830179      
  4.25      2.      -0.053980221874387425      -0.08374437553125641      
  4.25      2.25      -0.05202364154251017      -0.07639787894460477      
  4.25      2.5      -0.05008611399542674      -0.06964301597104419      
  4.25      2.75      -0.04819323715124543      -0.0635257209586737      
  4.25      3.      -0.046362194461842934      -0.05803929730370954      
  4.25      3.25      -0.04460360640871759      -0.05314514085540036      
  4.25      3.5      -0.04292324347782755      -0.04878880564178291      
  4.25      3.75      -0.04132344091633835      -0.04491090700389671      
  4.25      4.      -0.039804182925157375      -0.04145360731012904      
  4.25      4.25      -0.03836389323399607      -0.03836389323399607      
  4.25      4.5      -0.03699999402019214      -0.035594809873497446      
  4.25      4.75      -0.035709294471704935      -0.033105547747287085      
  4.25      5.      -0.034488258915250654      -0.030860975396900494      
  4.25      5.25      -0.03333319123679158      -0.028830964401224804      
  4.25      5.5      -0.03224036120530334      -0.026989687054600187      
  4.25      5.75      -0.031206090179939916      -0.025314967867753755      
  4.25      6.      -0.030226808140146506      -0.023787717209177574      
  4.5      0.      -0.05814542033634083      -0.12437324335163016      
  4.5      0.25      -0.05796504119150294      -0.1233190794114823      
  4.5      0.5      -0.05743448396568791      -0.12025181362360314      
  4.5      0.75      -0.05658391203413876      -0.11543945234951915      
  4.5      1.      -0.05545873935631463      -0.10927482861737114      
  4.5      1.25      -0.05411359683482641      -0.10221058921323697      
  4.5      1.5      -0.05260594352673258      -0.09469357636006351      
  4.5      1.75      -0.05099053801700527      -0.08711270006670098      
  4.5      2.      -0.04931554302139316      -0.07976815727654504      
  4.5      2.25      -0.047620488341595595      -0.07286267133368012      
  4.5      2.5      -0.04593586025046912      -0.06650994409614776      
  4.5      2.75      -0.04428383009009747      -0.06075303623866936      
  4.5      3.      -0.04267958850886999      -0.0555857301683361      
  4.5      3.25      -0.041132849813859236      -0.05097196581136447      
  4.5      3.5      -0.03964924755951087      -0.04686089539898723      
  4.5      3.75      -0.03823149003691865      -0.04319708903939756      
  4.5      4.      -0.036880248779833244      -0.03992659521723834      
  4.5      4.25      -0.035594809873497446      -0.03699999402019214      
  4.5      4.5      -0.03437353818414726      -0.03437353818414726      
  4.5      4.75      -0.03321420397600013      -0.03200922304574382      
  4.5      5.      -0.032114212048012854      -0.029874341030440482      
  4.5      5.25      -0.031070762790993675      -0.02794084514832865      
  4.5      5.5      -0.030080965590807463      -0.026184689611612064      
  4.5      5.75      -0.029141918492673783      -0.02458522281305321      
  4.5      6.      -0.02825076364418351      -0.02312465850230123      
  4.75      0.      -0.05283432406794189      -0.1181605097104417      
  4.75      0.25      -0.05267945999274475      -0.11716723974026783      
  4.75      0.5      -0.052223765226192785      -0.11427713217826314      
  4.75      0.75      -0.05149261272527107      -0.10974263876070024      
  4.75      1.      -0.05052422636729623      -0.10393376715002757      
  4.75      1.25      -0.04936463247560588      -0.09727681626341822      
  4.75      1.5      -0.04806231236090875      -0.09019255219794127      
  4.75      1.75      -0.04666357145844577      -0.08304711089147257      
  4.75      2.      -0.04520927093197986      -0.07612302789019862      
  4.75      2.25      -0.043733109801251766      -0.0696110226292423      
  4.75      2.5      -0.04226126406394589      -0.06361799804917334      
  4.75      2.75      -0.040812976438996625      -0.058184384220892976      
  4.75      3.      -0.03940165205179373      -0.05330427780485529      
  4.75      3.25      -0.03803609750690543      -0.04894375161089591      
  4.75      3.5      -0.03672167157402324      -0.04505502557368206      
  4.75      3.75      -0.03546123863506097      -0.04158606268497194      
  4.75      4.      -0.034255902833208514      -0.038486257776204      
  4.75      4.25      -0.033105547747287085      -0.035709294471704935      
  4.75      4.5      -0.03200922304574382      -0.03321420397600013      
  4.75      4.75      -0.030965418822768636      -0.030965418822768636      
  4.75      5.      -0.029972260451054288      -0.028932344928401826      
  4.75      5.25      -0.0290276478533623      -0.027088757060644904      
  4.75      5.5      -0.028129355691101247      -0.025412175363241144      
  4.75      5.75      -0.02727510564752295      -0.023883293097123573      
  4.75      6.      -0.026462618428148076      -0.022485479321430028      
  5.      0.      -0.04820414105474112      -0.11251993414458367      
  5.      0.25      -0.048070293554537694      -0.11158087834547116      
  5.      0.5      -0.04767630037004782      -0.10884851764063315      
  5.      0.75      -0.047043694300774104      -0.10456151735940902      
  5.      1.      -0.04620492818449215      -0.09906965341910212      
  5.      1.25      -0.04519910785915766      -0.09277586801654629      
  5.      1.5      -0.04406747194574997      -0.08607780601487915      
  5.      1.75      -0.04284947619199171      -0.07932140067952238      
  5.      2.      -0.04158002749107756      -0.07277350583483437      
  5.      2.25      -0.040288025859676856      -0.06661416168590516      
  5.      2.5      -0.038996050544619944      -0.06094419359594721      
  5.      2.75      -0.037720847100205755      -0.05580163875450722      
  5.      3.      -0.036474240438789475      -0.05118080446380119      
  5.      3.25      -0.03526416859909844      -0.04704958342084323      
  5.      3.5      -0.03409564255493131      -0.04336284530591497      
  5.      3.75      -0.0329715410682802      -0.040071495790316665      
  5.      4.      -0.031893222584474946      -0.0371278383786046      
  5.      4.25      -0.030860975396900494      -0.034488258915250654      
  5.      4.5      -0.029874341030440482      -0.032114212048012854      
  5.      4.75      -0.028932344928401826      -0.029972260451054288      
  5.      5.      -0.02803366175938199      -0.02803366175938199      
  5.      5.25      -0.027176735082670312      -0.026273791376281812      
  5.      5.5      -0.026359864885044413      -0.024671549685294444      
  5.      5.75      -0.02558127206939983      -0.023208819451679522      
  5.      6.      -0.024839146046950093      -0.02186999534497288      
  5.25      0.      -0.04414665081003204      -0.10737918667404506      
  5.25      0.25      -0.0440302449280217      -0.1064886866102203      
  5.25      0.5      -0.04368748562551036      -0.10389762275730959      
  5.25      0.75      -0.0431367966082415      -0.09983235345880655      
  5.25      1.      -0.042405953625691654      -0.09462459426071469      
  5.25      1.25      -0.04152844461137427      -0.08865643751319266      
  5.25      1.5      -0.04053961407638735      -0.08230488762445073      
  5.25      1.75      -0.03947332316641158      -0.07589784004834284      
  5.25      2.      -0.038359589770853464      -0.06968814144234016      
  5.25      2.25      -0.037223342950073485      -0.06384628309135092      
  5.25      2.5      -0.03608415133086648      -0.05846764048163831      
  5.25      2.75      -0.03495663255931347      -0.053588081362622726      
  5.25      3.      -0.03385122423916906      -0.04920206019830771      
  5.25      3.25      -0.03277505667995118      -0.045279048223559784      
  5.25      3.5      -0.03173276229823801      -0.04177623215104976      
  5.25      3.75      -0.030727144922737506      -0.03864709672017982      
  5.25      4.      -0.0297596943148563      -0.03584649710283091      
  5.25      4.25      -0.028830964401224804      -0.03333319123679158      
  5.25      4.5      -0.02794084514832865      -0.031070762790993675      
  5.25      4.75      -0.027088757060644904      -0.0290276478533623      
  5.25      5.      -0.026273791376281812      -0.027176735082670312      
  5.25      5.25      -0.02549481250741445      -0.02549481250741445      
  5.25      5.5      -0.024750533953002474      -0.02396200150959108      
  5.25      5.75      -0.024039575154901596      -0.022561239983038904      
  5.25      6.      -0.023360504311924598      -0.021277835078768036      
  5.5      0.      -0.04057335321158149      -0.10267688270514706      
  5.5      0.25      -0.040471527303019596      -0.10183011162569174      
  5.5      0.5      -0.04017161652843673      -0.09936630788879702      
  5.5      0.75      -0.03968950331847095      -0.09550077216938685      
  5.5      1.      -0.03904913747587329      -0.0905489940301467      
  5.5      1.25      -0.038279405331948145      -0.08487433529682825      
  5.5      1.5      -0.03741081386452265      -0.07883525965360436      
  5.5      1.75      -0.03647261886352257      -0.07274346067259659      
  5.5      2.      -0.035490796141175104      -0.06683920279494716      
  5.5      2.25      -0.03448697055940571      -0.061284396408825687      
  5.5      2.5      -0.0334781814470712      -0.05616951258177191      
  5.5      2.75      -0.03247723203672231      -0.051528454536816634      
  5.5      3.      -0.031493348042552986      -0.04735578628122566      
  5.5      3.25      -0.030532922419606423      -0.043622368576892924      
  5.5      3.5      -0.029600204894664084      -0.04028743710322086      
  5.5      3.75      -0.028697870961461352      -0.03730675917848556      
  5.5      4.      -0.02782745831500628      -0.034637448242734306      
  5.5      4.25      -0.026989687054600187      -0.03224036120530334      
  5.5      4.5      -0.026184689611612064      -0.030080965590807463      
  5.5      4.75      -0.025412175363241144      -0.028129355691101247      
  5.5      5.      -0.024671549685294444      -0.026359864885044413      
  5.5      5.25      -0.02396200150959108      -0.024750533953002474      
  5.5      5.5      -0.02328256884607444      -0.02328256884607444      
  5.5      5.75      -0.022632188499378432      -0.021939846580510697      
  5.5      6.      -0.022009734115356696      -0.020708488375873694      
  5.75      0.      -0.03741162880265564      -0.0983608128758603      
  5.75      0.25      -0.03732207503124735      -0.0975536250427155      
  5.75      0.5      -0.03705824571090458      -0.09520502203912434      
  5.75      0.75      -0.036633927368783334      -0.09152031127365223      
  5.75      1.      -0.03606991241481264      -0.08680031956650915      
  5.75      1.25      -0.03539128572621724      -0.08139148504876385      
  5.75      1.5      -0.034624551513873406      -0.07563552213699269      
  5.75      1.75      -0.03379514575732925      -0.06982949093642501      
  5.75      2.      -0.03292567968080432      -0.06420229384602053      
  5.75      2.25      -0.03203501311032095      -0.05890809307651449      
  5.75      2.5      -0.03113805178238929      -0.054032929486584086      
  5.75      2.75      -0.030246049381643166      -0.0496089268174135      
  5.75      3.      -0.02936717592319775      -0.04563073735818451      
  5.75      3.25      -0.02850715944825033      -0.04207046083339911      
  5.75      3.5      -0.02766987893181717      -0.03888916309534211      
  5.75      3.75      -0.026857852357961228      -0.03604464974733765      
  5.75      4.      -0.026072610059252817      -0.03349604931601015      
  5.75      4.25      -0.025314967867753755      -0.031206090179939916      
  5.75      4.5      -0.02458522281305321      -0.029141918492673783      
  5.75      4.75      -0.023883293097123573      -0.02727510564752295      
  5.75      5.      -0.023208819451679522      -0.02558127206939983      
  5.75      5.25      -0.022561239983038904      -0.024039575154901596      
  5.75      5.5      -0.021939846580510697      -0.022632188499378432      
  5.75      5.75      -0.02134382815260772      -0.02134382815260772      
  5.75      6.      -0.020772304144852326      -0.020161343911460787      
  6.      0.      -0.034601619016731124      -0.09438642306634124      
  6.      0.25      -0.03452246232068877      -0.0936152340443298      
  6.      0.5      -0.03428921309402961      -0.09137140304017839      
  6.      0.75      -0.03391391468646621      -0.08785115859929642      
  6.      1.      -0.03341473221976416      -0.08334200788925303      
  6.      1.25      -0.03281358478742786      -0.0781750180577701      
  6.      1.5      -0.03213363893528706      -0.07267669439152613      
  6.      1.75      -0.03139713938561979      -0.06713081297314899      
  6.      2.      -0.030623878238302035      -0.06175596557960746      
  6.      2.25      -0.029830388368778323      -0.05669928605196145      
  6.      2.5      -0.02902976795930993      -0.052042798034417366      
  6.      2.75      -0.028231944364284514      -0.04781701130435144      
  6.      3.      -0.02744416906351286      -0.04401665529423765      
  6.      3.25      -0.026671575336920657      -0.040614946621876986      
  6.      3.5      -0.025917692422634662      -0.03757460036228832      
  6.      3.75      -0.025184867677242682      -0.03485525692946226      
  6.      4.      -0.02447458852104905      -0.03241785654880947      
  6.      4.25      -0.023787717209177574      -0.030226808140146506      
  6.      4.5      -0.02312465850230123      -0.02825076364418351      
  6.      4.75      -0.022485479321430028      -0.026462618428148076      
  6.      5.      -0.02186999534497288      -0.024839146046950093      
  6.      5.25      -0.021277835078768036      -0.023360504311924598      
  6.      5.5      -0.020708488375873694      -0.022009734115356696      
  6.      5.75      -0.020161343911460787      -0.020772304144852326      
  6.      6.      -0.019635718534493554      -0.019635718534493554      
 
