0.166666666667
0.333333333333
0.5
0.6375
0.775
0.9125
0.965
1.07
1.1225
1.2575
1.31
1.415
1.4675
1.5
1.64666666667
1.79333333333
1.94
1.99
2.04
2.1
2.16
2.1925
2.245
2.35
2.4025
2.5475
2.6
2.705
2.7575
2.92
2.97
3.02
3.05
3.11784168
3.21562677313
3.41119695938
3.5089820525
3.6
3.6668237325
3.7168237325
3.7668237325
3.84
3.8493237325
3.9018237325
4.0068237325
4.0593237325
4.1993237325
4.2518237325
4.3568237325
4.4093237325
4.41
4.5493237325
4.6018237325
4.7068237325
4.7593237325
4.9296471414
5.0999705503
5.2702939592
5.4406173681
5.610940777
5.710940777
5.890940777
6.070940777
6.250940777
6.430940777
6.610940777
6.73763225475
6.8643237325
6.9168237325
7.0218237325
7.0743237325
7.2
7.2143237325
7.2668237325
7.3718237325
7.4243237325
7.5
7.5643237325
7.6168237325
7.7218237325
7.7743237325
7.775
7.8568237325
7.9068237325
7.9568237325
8.1139273325
8.2086754865
8.3981717945
8.5876681025
8.7771644105
8.8719125645
9.0
9.0590161645
9.1090161645
9.1590161645
9.3215161645
9.3740161645
9.4790161645
9.5315161645
9.6
9.74325808225
9.8865161645
9.9390161645
10.0440161645
10.0965161645
10.12
10.2857580803
10.4515161605
10.5040161605
10.6090161605
10.6615161605
10.7
10.8240161605
10.8740161605
10.9240161605
11.0
11.1111197605
11.2058679185
11.3953642265
11.5848605345
11.7743568425
11.8691049965
12.0
12.1731043003
12.3462086005
12.3962086005
12.4462086005
12.5
12.5187086005
12.5712086005
12.6762086005
12.7287086005
12.8643543003
13.0
13.1487086005
13.2012086005
13.3062086005
13.3587086005
13.5
13.65
13.8
13.98
14.16
14.34
14.52
14.7
14.825
14.95
14.9837086005
15.0362086005
15.1412086005
15.1937086005
15.3537086005
15.4037086005
15.4537086005
15.5
15.6137086005
15.6662086005
15.7712086005
15.8237086005
15.9824724003
16.1412362002
16.3
16.4740502805
16.5718353736
16.7674055599
16.865190653
17.0
17.2
17.4
17.4155323368
17.4680323368
17.5730323368
17.6255323368
17.7180323368
17.7680323368
17.8180323368
18.0
18.1721064674
18.3442129347
18.5163194021
18.6884258694
18.8605323368
18.9130323368
19.0180323368
19.0705323368
19.1
19.2015161684
19.3030323368
19.3530323368
19.4030323368
19.5613656701
19.7196990034
19.8780323368
19.9305323368
20.0355323368
20.0880323368
20.1
20.15
20.2876774456
20.4253548912
20.5630323368
20.6130323368
20.6630323368
20.7792823368
20.8955323368
20.9480323368
21.0530323368
21.1055323368
21.2
21.3896064673
21.5792129347
21.7688194021
21.9584258694
22.1480323368
22.1980323368
22.2480323368
22.3405323368
22.3930323368
22.4980323368
22.5505323368
22.57
22.6
22.8
23.0
23.1008740168
23.1986591136
23.3942292999
23.492014393
23.6613429287
23.8306714643
24.0
24.142356073
24.194856073
24.299856073
24.352356073
24.512356073
24.562356073
24.612356073
24.772356073
24.824856073
24.929856073
24.982356073
25.0
25.1666666667
25.3333333333
25.5
25.64742803
25.79485606
25.89742803
26.0
26.1518390182
26.3036780365
26.4555170547
26.607356073
26.659856073
26.764856073
26.817356073
26.9
27.0686780365
27.237356073
27.289856073
27.394856073
27.447356073
27.45
27.519856073
27.569856073
27.619856073
27.8099280365
28.0
28.096959673
28.191707831
28.381204139
28.570700447
28.760196755
28.854944909
29.0
29.042048509
29.092048509
29.142048509
29.304548509
29.357048509
29.462048509
29.514548509
29.692048509
29.869548509
29.922048509
30.027048509
30.079548509
30.12
30.2772742545
30.434548509
30.487048509
30.592048509
30.644548509
30.7
30.807048509
30.857048509
30.907048509
31.0
31.094152109
31.188900267
31.378396575
31.567892883
31.757389191
31.852137345
31.9
32.009240949
32.059240949
32.109240949
32.191740949
32.244240949
32.349240949
32.401740949
32.5
32.541740949
32.594240949
32.699240949
32.751740949
32.8
32.891740949
32.944240949
33.049240949
33.101740949
33.25
33.3515322
33.4530644
33.6397983
33.8265322
34.0132661
34.2
34.4
34.6
34.775
34.95
35.0783704745
35.206740949
35.259240949
35.364240949
35.416740949
35.5
35.556740949
35.609240949
35.714240949
35.766740949
35.906740949
35.959240949
36.064240949
36.116740949
36.12
36.199240949
36.249240949
36.299240949
36.4
36.457082629
36.5548677221
36.7504379084
36.8482230015
36.9460646852
36.9960646852
37.0460646852
37.2085646852
37.2610646852
37.3660646852
37.4185646852
37.5635646852
37.6160646852
37.7210646852
37.7735646852
37.78
37.9260646852
37.9760646852
38.0260646852
38.1630323426
38.3
38.42
38.4985646852
38.5510646852
38.6560646852
38.7085646852
38.8435646852
38.8960646852
39.0010646852
39.0535646852
39.2023764568
39.3511882284
39.5
39.6553548951
39.8107097902
39.9660646852
39.9660646852
