-3.50003046648 3.93721732715e-08
-3.50002817715 7.05640738925e-08
-3.50002812623 3.07488286129e-08
-3.50002315668 2.21252834803e-08
-3.50002205162 7.9187508832e-08
-3.50001547412 1.35014888855e-08
-3.50001453529 8.78111206911e-08
-3.50000610987 9.64350290153e-08
-3.50000532303 4.87748245409e-09
-3.49999699963 1.05059279404e-07
-3.49998709866 1.13683830824e-07
-3.499916246 1.53503544977e-07
-3.49989699355 1.62128651661e-07
-3.49987522209 1.70753652025e-07
-3.49985072728 1.79378519594e-07
-3.49982363629 1.88003314259e-07
-3.49979436682 1.96628164997e-07
-3.49964301146 2.36452713507e-07
-3.49960538116 2.45078895819e-07
-3.49956707335 2.53705534693e-07
-3.49952793899 2.62332578483e-07
-3.49948754496 2.70959908361e-07
-3.49944531457 2.79587379086e-07
-3.49922178398 3.19421611484e-07
-3.49916782537 3.28049801292e-07
-3.49911130833 3.36678046732e-07
-3.49905268082 3.45306483199e-07
-3.49899252349 3.53935269281e-07
-3.49893136115 3.6256453753e-07
-3.49869915336 3.9377957952e-07
-3.49863163938 4.02410602462e-07
-3.49856325791 4.11042132755e-07
-3.49849354684 4.19674045643e-07
-3.49842192302 4.28306196246e-07
-3.49834787125 4.36938468694e-07
-3.49797932308 4.76797086204e-07
-3.49789337852 4.85430779466e-07
-3.49780539317 4.94064798545e-07
-3.49771595251 5.02699301318e-07
-3.49762556169 5.11334413569e-07
-3.49753448143 5.19970190335e-07
-3.49709289076 5.59846861833e-07
-3.49699383945 5.68485346371e-07
-3.49689280003 5.77124165693e-07
-3.4967892782 5.85763211111e-07
-3.49668303213 5.9440244631e-07
-3.49657415107 6.03041921308e-07
-3.4960522768 6.42937424802e-07
-3.4959335441 6.51579633807e-07
-3.49581391138 6.60222577645e-07
-3.49569360045 6.68866300644e-07
-3.49557250011 6.77510760845e-07
-3.49545020234 6.86155845842e-07
-3.49498813487 7.17428063979e-07
-3.49485765156 7.26075533833e-07
-3.49472463533 7.3472333488e-07
-3.49458888378 7.43371441611e-07
-3.49445052871 7.52019914506e-07
-3.49430999361 7.60668882479e-07
-3.49364494695 8.00610443389e-07
-3.49349605165 8.09263197641e-07
-3.49334648337 8.17916843517e-07
-3.49319608875 8.26571328847e-07
-3.49304442911 8.35226534946e-07
-3.49289092264 8.4388231726e-07
-3.4921535258 8.8385292777e-07
-3.49198824377 8.9251188001e-07
-3.49182039392 9.01171325141e-07
-3.49165042923 9.09831397986e-07
-3.49147893519 9.18492256088e-07
-3.49130643963 9.27154030762e-07
-3.49049264743 9.67155805612e-07
-3.49031291974 9.75822279701e-07
-3.49013185696 9.84489569539e-07
-3.48994887107 9.931575312e-07
-3.48976344353 1.0018260498e-06
-3.48957529335 1.01049507891e-06
-3.48888057323 1.0418576487e-06
-3.48868320152 1.05053002814e-06
-3.4884837817 1.05920316726e-06
-3.48828290386 1.06787722256e-06
-3.48808107655 1.07655231861e-06
-3.48787856166 1.0852285097e-06
-3.48692238808 1.12529737654e-06
-3.4867118742 1.13397869927e-06
-3.48649936201 1.14266078924e-06
-3.48628435338 1.15134353863e-06
-3.48606660475 1.16002691138e-06
-3.4858462062 1.16871095696e-06
-3.48480938477 1.2088178186e-06
-3.48457908871 1.21750701605e-06
-3.48434789078 1.226197376e-06
-3.48411601479 1.23488894237e-06
-3.48388334902 1.24358167365e-06
-3.48364948251 1.2522754585e-06
-3.48254166418 1.2924255713e-06
-3.48229702509 1.30112448515e-06
-3.48204963357 1.30982413554e-06
-3.48179962132 1.31852458191e-06
-3.48154741428 1.3272259515e-06
-3.48129359447 1.33592840017e-06
-3.48036670334 1.36741497318e-06
-3.48010608853 1.37612252234e-06
-3.47984479953 1.38483138668e-06
-3.47958268339 1.39354151491e-06
-3.47931929906 1.40225278989e-06
-3.47905406032 1.41096506863e-06
-3.47780060891 1.45120205418e-06
-3.47752352411 1.45991989811e-06
-3.47724385178 1.46863866088e-06
-3.47696204683 1.47735847514e-06
-3.47667869898 1.48607949633e-06
-3.47639434135 1.49480185435e-06
-3.47506400236 1.53508882246e-06
-3.47477237228 1.54381824843e-06
-3.4744794042 1.55254891283e-06
-3.47418450562 1.5612806735e-06
-3.47388715224 1.57001341645e-06
-3.47358705782 1.57874709493e-06
-3.47217792342 1.61908597712e-06
-3.47186646959 1.62782612948e-06
-3.47155354118 1.63656761451e-06
-3.4712396527 1.64531055547e-06
-3.47092507165 1.65405500672e-06
-3.47060973172 1.66280093826e-06
-3.46945138316 1.69444446895e-06
-3.46912875926 1.70319639975e-06
-3.4688041297 1.71194951865e-06
-3.46847698991 1.72070371851e-06
-3.46814709004 1.72945896252e-06
-3.46781451611 1.73821529802e-06
-3.46625959037 1.77866128809e-06
-3.46591702219 1.78742510424e-06
-3.4655735394 1.7961904926e-06
-3.46522937246 1.80495749747e-06
-3.46488441401 1.81372607915e-06
-3.46453825371 1.82249612881e-06
-3.46291177753 1.86300374218e-06
-3.4625547779 1.87178125005e-06
-3.46219500384 1.88055991044e-06
-3.46183258205 1.88933978011e-06
-3.46146793749 1.89812098296e-06
-3.4611016555 1.90690367179e-06
-3.45939478622 1.947473555e-06
-3.45902095757 1.95626494818e-06
-3.45864630015 1.96505801208e-06
-3.45827037393 1.97385263249e-06
-3.45789258903 1.98264866892e-06
-3.45751239669 1.99144600217e-06
-3.45611924776 2.02327766595e-06
-3.45572952488 2.03208156582e-06
-3.45533718449 2.04088679186e-06
-3.45494268017 2.04969347287e-06
-3.45454660528 2.05850176109e-06
-3.45414950043 2.0673117847e-06
-3.45229849815 2.10800873788e-06
-3.45189405464 2.11682808676e-06
-3.45148827314 2.12564907867e-06
-3.45108055712 2.13447157402e-06
-3.45067037414 2.14329545973e-06
-3.45025742825 2.1521206878e-06
-3.44832693749 2.1928874232e-06
-3.44790249806 2.20172137213e-06
-3.44747655352 2.21055704675e-06
-3.4470496269 2.2193945688e-06
-3.4466219958 2.22823399333e-06
-3.44619360242 2.23707529293e-06
-3.44419050481 2.27791625238e-06
-3.44375276319 2.2867669742e-06
-3.44331249828 2.29561917908e-06
-3.44286944933 2.3044728285e-06
-3.44242369326 2.31332796619e-06
-3.4419756198 2.32218470583e-06
-3.44034589434 2.35423518086e-06
-3.4398899971 2.36309999511e-06
-3.43943316161 2.37196676543e-06
-3.43897562966 2.38083553723e-06
-3.43851730332 2.38970627396e-06
-3.43805777666 2.39857887073e-06
-3.43590765118 2.43956503693e-06
-3.43543720786 2.44844729263e-06
-3.43496396374 2.45733109413e-06
-3.43448803554 2.46621649393e-06
-3.43400984353 2.47510361091e-06
-3.43352997529 2.48399259361e-06
-3.43129849168 2.52505819452e-06
-3.43081096044 2.53395802292e-06
-3.43032259827 2.54285990296e-06
-3.4298329697 2.55176372475e-06
-3.42934148221 2.56066935126e-06
-3.42884757787 2.56957666459e-06
-3.42653930295 2.61072494219e-06
-3.42603310897 2.61964229485e-06
-3.42552470641 2.62856147765e-06
-3.42501469149 2.63748263838e-06
-3.42450361448 2.64640590312e-06
-3.42399180108 2.65533133727e-06
-3.42212626835 2.68763056884e-06
-3.42160776143 2.69656525817e-06
-3.42108791993 2.70550196846e-06
-3.42056614394 2.71444056356e-06
-3.42004189058 2.72338093141e-06
-3.41951484977 2.73232302205e-06
-3.41705714074 2.77363409497e-06
-3.41651842979 2.7825869901e-06
-3.41597816915 2.79154197205e-06
-3.41543689277 2.80049916066e-06
-3.41489489299 2.80945861221e-06
-3.41435212576 2.81842030301e-06
-3.41182079882 2.85982191769e-06
-3.41126861837 2.86879509975e-06
-3.41071390311 2.87777013896e-06
-3.41015637673 2.88674699429e-06
-3.40959610174 2.89572570434e-06
-3.40903345933 2.90470637649e-06
-3.40641852813 2.94619848426e-06
-3.40584694356 2.95519119081e-06
-3.40527464385 2.96418624978e-06
-3.40470154575 2.97318362892e-06
-3.40412725179 2.98218322873e-06
-3.40355117884 2.9911849165e-06
-3.40144697774 3.02376045238e-06
-3.40086168267 3.0327717333e-06
-3.40027355697 3.04178492193e-06
-3.39968270206 3.050800065e-06
-3.39908952954 3.05981727472e-06
-3.3984946278 3.06883669394e-06
-3.39573178775 3.11050902663e-06
-3.39512906872 3.11954123444e-06
-3.39452551615 3.12857583955e-06
-3.39392070309 3.13761273778e-06
-3.39331403561 3.14665179665e-06
-3.39270494482 3.1556928999e-06
-3.38986436115 3.19746336143e-06
-3.38924281138 3.20651645364e-06
-3.38861899543 3.21557171392e-06
-3.38799351126 3.22462928428e-06
-3.38736692071 3.23368928807e-06
-3.3867395672 3.24275179166e-06
-3.38382195591 3.28462299576e-06
-3.38318649281 3.29369867468e-06
-3.38254910019 3.30277658439e-06
-3.38190922272 3.31185661416e-06
-3.38126653167 3.32093871149e-06
-3.38062103134 3.3300229006e-06
-3.37827430609 3.36290047262e-06
-3.37761972844 3.37199524212e-06
-3.37696354249 3.38109241829e-06
-3.37630629534 3.39019211844e-06
-3.37564829866 3.39929440035e-06
-3.37498952766 3.40839924516e-06
-3.37192244732 3.45046611126e-06
-3.37125419443 3.45958429545e-06
-3.37058339794 3.4687046731e-06
-3.36990976133 3.4778272e-06
-3.36923332722 3.48695190826e-06
-3.3685544637 3.4960788973e-06
-3.36540250198 3.53825061894e-06
-3.36471447026 3.54739140722e-06
-3.36402569803 3.55653485454e-06
-3.36333612227 3.56568093403e-06
-3.36264535848 3.57482955292e-06
-3.36195282495 3.58398058413e-06
-3.35872520468 3.62626103111e-06
-3.35802048971 3.63542534648e-06
-3.3573129926 3.6445919298e-06
-3.35660311183 3.65376088487e-06
-3.35589143477 3.66293234733e-06
-3.35517854716 3.67210644223e-06
-3.35258913958 3.70531058183e-06
-3.35186945413 3.71449651945e-06
-3.35114893204 3.72368515405e-06
-3.35042715924 3.73287638848e-06
-3.34970354212 3.74207009598e-06
-3.34897749944 3.75126616251e-06
-3.34559636792 3.79375597162e-06
-3.34485767415 3.80296572182e-06
-3.34411664418 3.81217793073e-06
-3.34337387607 3.82139273305e-06
-3.3426299448 3.83061024849e-06
-3.34188521582 3.83983054435e-06
-3.33842556407 3.8824340974e-06
-3.33767263394 3.89166919781e-06
-3.3369177852 3.90090682861e-06
-3.33616044837 3.91014688093e-06
-3.33540027168 3.91938929941e-06
-3.33463723498 3.92863410126e-06
-3.33109262793 3.97135157842e-06
-3.33031863163 3.98061093522e-06
-3.3295435166 3.98987308051e-06
-3.32876761832 3.99913807361e-06
-3.32799093693 4.00840590125e-06
-3.32721313709 4.01767648333e-06
-3.3243793118 4.05122892392e-06
-3.32359307968 4.06051165464e-06
-3.32280429943 4.06979686618e-06
-3.32201264973 4.07908451075e-06
-3.32121814761 4.08837461282e-06
-3.32042114304 4.09766726222e-06
-3.31672319237 4.14060720688e-06
-3.31591674917 4.14991511829e-06
-3.31510953305 4.15922593939e-06
-3.31430150707 4.16853964947e-06
-3.31349230464 4.17785616382e-06
-3.31268134809 4.18717536235e-06
-3.30890650505 4.23023565898e-06
-3.30808323343 4.23956962459e-06
-3.30725712036 4.24890611787e-06
-3.3064285463 4.25824523254e-06
-3.3055980951 4.26758709533e-06
-3.30476636473 4.27693182615e-06
-3.30090837513 4.32011294687e-06
-3.3000688482 4.32947358725e-06
-3.29922808463 4.33883707705e-06
-3.29838549358 4.34820329653e-06
-3.29754048052 4.35757213474e-06
-3.29669263929 4.3669435264e-06
-3.29360940734 4.40086276827e-06
-3.29275153439 4.41024666378e-06
-3.29189124366 4.41963324982e-06
-3.29102913104 4.42902265203e-06
-3.29016578574 4.43841498526e-06
-3.2893015993 4.44781031737e-06
-3.28529030991 4.49122506176e-06
-3.28441782309 4.50063648784e-06
-3.28354343565 4.51005068477e-06
-3.28266656274 4.51946754637e-06
-3.28178682546 4.52888701437e-06
-3.28090417333 4.53830909807e-06
-3.27680655404 4.58184785789e-06
-3.27591262869 4.59128571512e-06
-3.27501751459 4.60072656012e-06
-3.27412157536 4.61017045332e-06
-3.27322484198 4.61961738757e-06
-3.27232700265 4.62906729153e-06
-3.26815246146 4.67273324216e-06
-3.26724356614 4.68219899242e-06
-3.26633177368 4.69166739768e-06
-3.26541706956 4.70113847383e-06
-3.26449978007 4.7106122995e-06
-3.26358046674 4.72008899137e-06
-3.26024585 4.75439123579e-06
-3.25931880976 4.76388141212e-06
-3.25839095665 4.77337467952e-06
-3.25746228576 4.78287102394e-06
-3.25653245407 4.79237036993e-06
-3.2556008912 4.8018726058e-06
-3.25126872445 4.84578054778e-06
-3.25032471531 4.85529865899e-06
-3.24937780093 4.86481949121e-06
-3.24842833818 4.87434312636e-06
-3.24747690414 4.88386968047e-06
-3.24652410913 4.89339926675e-06
-3.24210695009 4.93743616818e-06
-3.2411461742 4.9469826347e-06
-3.24018418049 4.95653212889e-06
-3.23922038404 4.9660845395e-06
-3.23825417681 4.97563975974e-06
-3.23728512395 4.98519772246e-06
-3.23278355078 5.02936439441e-06
-3.23180175615 5.03893849903e-06
-3.23081804256 5.04851556878e-06
-3.22983301382 5.05809571207e-06
-3.2288470913 5.06767899652e-06
-3.22786037742 5.07726542785e-06
-3.22427366852 5.11196360892e-06
-3.22327934098 5.12156385702e-06
-3.22228313921 5.13116704269e-06
-3.22128446254 5.1407730635e-06
-3.22028290108 5.15038185869e-06
-3.21927836815 5.15999342913e-06
-3.21461717537 5.2044088275e-06
-3.21360102109 5.21403696273e-06
-3.21258359525 5.22366820566e-06
-3.21156529362 5.23330261693e-06
-3.2105461841 5.24294019563e-06
-3.20952598463 5.25258088016e-06
-3.20478627781 5.2971295181e-06
-3.20375496034 5.30678682854e-06
-3.20272072217 5.31644693976e-06
-3.20168351109 5.32610985847e-06
-3.20064362351 5.33577565065e-06
-3.1996016086 5.34544442043e-06
-3.19477295772 5.39012511481e-06
-3.19372210803 5.39981107899e-06
-3.1926704306 5.40950022399e-06
-3.19161761218 5.41919248456e-06
-3.19056309397 5.42888775895e-06
-3.18950625201 5.4385859422e-06
-3.18566276107 5.47368847033e-06
-3.18459567676 5.48340026939e-06
-3.18352562128 5.49311490195e-06
-3.18245292168 5.50283243668e-06
-3.18137814408 5.51255297686e-06
-3.18030191039 5.52227662713e-06
-3.17531461158 5.56721070769e-06
-3.17423019233 5.57695172311e-06
-3.173144579 5.58669585697e-06
-3.17205719677 5.59644300796e-06
-3.17096742473 5.60619307493e-06
-3.16987479632 5.61594598969e-06
-3.16480176538 5.66101376547e-06
-3.1636960884 5.67078328357e-06
-3.1625883828 5.68055582718e-06
-3.16147926647 5.6903314963e-06
-3.16036919379 5.70011035692e-06
-3.15925830849 5.70989241998e-06
-3.1541039411 5.75509505346e-06
-3.15298351804 5.76489425109e-06
-3.15186064088 5.77469636544e-06
-3.15073486547 5.78450133411e-06
-3.14960606291 5.79430914945e-06
-3.14847446135 5.80411986089e-06
-3.14437017409 5.83963119201e-06
-3.14322937443 5.84945584803e-06
-3.14208720748 5.85928363661e-06
-3.14094410461 5.86911461719e-06
-3.13980017674 5.87894879469e-06
-3.13865517842 5.88878611795e-06
-3.13333910177 5.93424328186e-06
-3.13218294449 5.9440974802e-06
-3.13102385005 5.95395453264e-06
-3.1298617224 5.9638144366e-06
-3.12869682121 5.9736772442e-06
-3.127529678 5.98354304513e-06
-3.12212277463 6.02913360352e-06
-3.12094647013 6.03901666574e-06
-3.1197693252 6.04890291101e-06
-3.11859106332 6.05879228499e-06
-3.11741114263 6.06868469725e-06
-3.11622893067 6.0785800504e-06
-3.11073879088 6.12430487174e-06
-3.10954316953 6.13421675327e-06
-3.10834480221 6.14413153789e-06
-3.10714423885 6.15404931412e-06
-3.1059421111 6.16397017577e-06
-3.10473892789 6.17389419139e-06
-3.10037333205 6.20981462419e-06
-3.09916279558 6.21975275377e-06
-3.09795109378 6.22969398692e-06
-3.09673766719 6.23963823376e-06
-3.09552188386 6.24958540051e-06
-3.09430324324 6.25953541928e-06
-3.08864745105 6.30551289134e-06
-3.08741545152 6.31547939367e-06
-3.08618130225 6.32544887684e-06
-3.08494563354 6.33542143012e-06
-3.08370893522 6.34539711592e-06
-3.08247139813 6.3553759494e-06
-3.07673232205 6.40148665246e-06
-3.07548521379 6.41148239141e-06
-3.07423568494 6.42148102153e-06
-3.07298325454 6.43148248019e-06
-3.07172774565 6.44148675159e-06
-3.07046934259 6.45149387115e-06
-3.0646379306 6.4977357664e-06
-3.06336855447 6.50775958665e-06
-3.06209817197 6.51778650829e-06
-3.06082694311 6.52781654103e-06
-3.05955466644 6.53784964433e-06
-3.05828084405 6.54788574014e-06
-3.05365085456 6.5842099241e-06
-3.05236740764 6.59425951759e-06
-3.05108101771 6.60431190796e-06
-3.04979153875 6.61436708375e-06
-3.04849918619 6.62442508247e-06
-3.04720446742 6.63448597748e-06
-3.04120796034 6.68097594005e-06
-3.03990372595 6.69105350967e-06
-3.03859863484 6.70113414414e-06
-3.03729245487 6.71121780018e-06
-3.03598466757 6.72130440001e-06
-3.03467463532 6.73139385577e-06
-3.02859363614 6.77801350472e-06
-3.02727002254 6.78811891122e-06
-3.02594355806 6.7982271059e-06
-3.02461476993 6.8083381606e-06
-3.02328429638 6.81845215574e-06
-3.0219526801 6.82856915345e-06
-3.01578359535 6.87531703362e-06
-3.0144433419 6.88545047512e-06
-3.01310141919 6.89558680272e-06
-3.01175718741 6.90572593201e-06
-3.01041011082 6.91586779734e-06
-3.0090599305 6.92601237187e-06
-3.00416033988 6.96272911209e-06
-3.00279960358 6.97288665556e-06
-3.00143658675 6.98304701241e-06
-3.00007192902 6.99321025843e-06
-2.99870615707 7.00337644995e-06
-2.99733951425 7.01354560466e-06
-2.99100449442 7.06053295488e-06
-2.98962826871 7.07071806658e-06
-2.9882496713 7.0809059166e-06
-2.98686818295 7.09109644402e-06
-2.9854835732 7.10128962607e-06
-2.98409597471 7.11148548396e-06
-2.9776671138 7.15859619198e-06
-2.97626811429 7.16880764944e-06
-2.97486802687 7.17902198428e-06
-2.97346706634 7.18923920925e-06
-2.97206508326 7.19945929401e-06
-2.9706616121 7.20968217384e-06
-2.96414931381 7.25691580692e-06
-2.96273325378 7.26715385986e-06
-2.96131405756 7.27739450284e-06
-2.95989188832 7.28763775857e-06
-2.95846722163 7.29788368249e-06
-2.95704069177 7.30813234334e-06
-2.95187010993 7.34522480693e-06
-2.95043555058 7.3554860566e-06
-2.94900011348 7.36575011228e-06
-2.94756361906 7.3760169413e-06
-2.94612558005 7.38628647958e-06
-2.94468535851 7.39655865082e-06
-2.93800261849 7.44401879476e-06
-2.93654868296 7.4543055706e-06
-2.93509179233 7.46459488512e-06
-2.93363244333 7.47488679177e-06
-2.93217127592 7.48518135487e-06
-2.9307088664 7.49547862709e-06
-2.92393599054 7.54305529953e-06
-2.92246482852 7.55336743752e-06
-2.92099206508 7.56368218844e-06
-2.91951705734 7.57399947944e-06
-2.91803923451 7.58431924953e-06
-2.91655828189 7.59464146735e-06
-2.90969306612 7.64233205065e-06
-2.90819888973 7.65266840059e-06
-2.90670293906 7.66300731435e-06
-2.90520577762 7.67334883904e-06
-2.90370770608 7.68369299238e-06
-2.90220866505 7.69403975533e-06
-2.89676613186 7.73148432742e-06
-2.89525849266 7.74184265304e-06
-2.89374854871 7.75220341527e-06
-2.89223574251 7.76256655745e-06
-2.89071978516 7.77293205175e-06
-2.88920074961 7.78329990581e-06
-2.88216403184 7.83120018804e-06
-2.8806331574 7.84158170483e-06
-2.87910110179 7.8519657219e-06
-2.87756813968 7.86235225239e-06
-2.87603418198 7.87274127494e-06
-2.87449880447 7.88313273865e-06
-2.86737735676 7.93114023654e-06
-2.86582942564 7.94154489209e-06
-2.86427832483 7.95195179269e-06
-2.86272415679 7.96236094684e-06
-2.86116735632 7.97277239093e-06
-2.85960855016 7.98318617508e-06
-2.85239242006 8.03129711758e-06
-2.8508244289 8.04172404972e-06
-2.84925541453 8.05215334431e-06
-2.84768492996 8.06258495146e-06
-2.8461123436 8.07301880849e-06
-2.84453704271 8.08345485779e-06
-2.83881791996 8.12122033117e-06
-2.83723154354 8.13166656144e-06
-2.83564211316 8.1421149267e-06
-2.83405008589 8.1525654608e-06
-2.83245609681 8.16301820922e-06
-2.83086075386 8.17347321174e-06
-2.82347427344 8.22177245948e-06
-2.82187006913 8.23223982857e-06
-2.820264344 8.24270936968e-06
-2.8186564588 8.25318102359e-06
-2.8170458096 8.26365473691e-06
-2.81543202239 8.27413047648e-06
-2.80795238721 8.322523884e-06
-2.80632501154 8.33301119265e-06
-2.80469571771 8.34350057631e-06
-2.80306510432 8.35399206926e-06
-2.80143353307 8.36448568584e-06
-2.79980101191 8.37498141333e-06
-2.79223488604 8.42346596073e-06
-2.79059157744 8.43397297335e-06
-2.78894545766 8.44448190039e-06
-2.78729617553 8.45499271179e-06
-2.78564373614 8.46550540318e-06
-2.78398849931 8.47601999411e-06
-2.77799004082 8.51406766931e-06
-2.77632532824 8.52459113885e-06
-2.77465932908 8.53511655903e-06
-2.77299238199 8.54564393981e-06
-2.77132446662 8.55617326662e-06
-2.76965521016 8.56670450212e-06
-2.76191568564 8.61535060587e-06
-2.76023398173 8.62589207267e-06
-2.75854909388 8.63643526912e-06
-2.75686105534 8.64698019112e-06
-2.75517024997 8.65752685564e-06
-2.75347728842 8.66807529192e-06
-2.74564149707 8.7168004611e-06
-2.74393906579 8.72735880217e-06
-2.74223564657 8.73791891089e-06
-2.74053084313 8.74848075131e-06
-2.73882403888 8.75904427609e-06
-2.73711459548 8.7696094385e-06
-2.72918893388 8.81840972862e-06
-2.72746519717 8.82898395057e-06
-2.72573872563 8.8395597439e-06
-2.72401014081 8.85013713282e-06
-2.72228007826 8.86071614045e-06
-2.72054898232 8.87129677803e-06
-2.71427182169 8.90957985411e-06
-2.7125327986 8.92016769392e-06
-2.71079234801 8.93075707516e-06
-2.70904984311 8.94134795409e-06
-2.70730465085 8.9519402882e-06
-2.70555633591 8.96253404607e-06
-2.69745449458 9.01146400289e-06
-2.69569226921 9.02206574345e-06
-2.69392797361 9.03266888865e-06
-2.69216223754 9.04327345593e-06
-2.69039548598 9.05387945203e-06
-2.6886278019 9.06448686736e-06
-2.68043815631 9.1134785041e-06
-2.67865986229 9.12409342034e-06
-2.67687883491 9.13470959585e-06
-2.67509465848 9.14532700208e-06
-2.67330726238 9.1559456253e-06
-2.67151694403 9.16656546688e-06
-2.66322932225 9.21561326918e-06
-2.66142783496 9.22623994206e-06
-2.65962534874 9.23686782779e-06
-2.65782192011 9.24749691521e-06
-2.65601723873 9.25812717928e-06
-2.6542107274 9.26875858545e-06
-2.64765272815 9.30722128068e-06
-2.64583579097 9.31785772188e-06
-2.64401568104 9.32849518671e-06
-2.64219235418 9.33913366125e-06
-2.64036613207 9.34977314386e-06
-2.63853759872 9.36041364119e-06
-2.63007561388 9.40955382975e-06
-2.62823732566 9.42019988788e-06
-2.62639808412 9.43084691547e-06
-2.62455755515 9.44149488916e-06
-2.62271514788 9.4521437781e-06
-2.62087020496 9.46279354964e-06
-2.61231826345 9.51197442939e-06
-2.6104589487 9.52262889986e-06
-2.60859676733 9.53328415281e-06
-2.60673231655 9.54394018946e-06
-2.60486625302 9.55459701243e-06
-2.602999081 9.56525462045e-06
-2.59435527363 9.61447026954e-06
-2.5924788414 9.62513195304e-06
-2.59060048358 9.6357943107e-06
-2.58871954459 9.64645731425e-06
-2.58683552786 9.65712093835e-06
-2.58494825581 9.66778516396e-06
-2.57810613812 9.70636254619e-06
-2.57620795517 9.71702944267e-06
-2.57430754513 9.72769687604e-06
-2.57240556247 9.73836484289e-06
-2.57050249558 9.74903333746e-06
-2.56859850932 9.75970234886e-06
-2.55978031818 9.80896710206e-06
-2.55786596903 9.81963865607e-06
-2.55594899534 9.83031060475e-06
-2.55402891665 9.84098292557e-06
-2.55210557973 9.85165559947e-06
-2.55017920817 9.86232861172e-06
-2.54126263932 9.91160993582e-06
-2.53932470918 9.92228462737e-06
-2.53738571819 9.93295957345e-06
-2.53544580698 9.94363476175e-06
-2.53350473944 9.9543101769e-06
-2.53156197888 9.96498580067e-06
-2.52255805056 1.00142771391e-05
-2.52060188869 1.00249535923e-05
-2.51864246822 1.00356301348e-05
-2.5166800368 1.00463067484e-05
-2.51471513914 1.00569834166e-05
-2.51274844153 1.00676601246e-05
-2.5056233145 1.01062778114e-05
-2.50364838503 1.01169545094e-05
-2.50167253381 1.01276311595e-05
-2.49969550113 1.01383077481e-05
-2.49771673472 1.01489842612e-05
-2.49573556754 1.0159660683e-05
-2.4865542131 1.02089518315e-05
-2.48455870602 1.02196273965e-05
-2.4825602135 1.02303027493e-05
-2.48055929547 1.02409778677e-05
-2.47855662036 1.02516527302e-05
-2.47655274964 1.0262327318e-05
-2.4672786105 1.03116078656e-05
-2.46526561369 1.03222806297e-05
-2.46325084355 1.03329530189e-05
-2.46123363141 1.03436250223e-05
-2.45921342213 1.03542966255e-05
-2.45718995284 1.03649678094e-05
-2.44781981641 1.04142303544e-05
-2.44578289412 1.04248987751e-05
-2.44374425758 1.04355666279e-05
-2.44170445613 1.04462338893e-05
-2.43966374174 1.04569005414e-05
-2.43762198793 1.04675665729e-05
-2.43021529936 1.05061402353e-05
-2.42816454476 1.05168032172e-05
-2.42611130905 1.05274655035e-05
-2.4240550495 1.0538127083e-05
-2.42199552489 1.05487879364e-05
-2.41993287342 1.05594480367e-05
-2.41038632362 1.06086549463e-05
-2.40831175909 1.06193103536e-05
-2.40623605985 1.06299648362e-05
-2.40415945634 1.0640618375e-05
-2.40208179863 1.06512709601e-05
-2.40000260476 1.06619225885e-05
-2.39036915975 1.07110883191e-05
-2.38827689211 1.07217342887e-05
-2.38618135695 1.07323792096e-05
-2.38408271579 1.07430230511e-05
-2.38198145961 1.07536657747e-05
-2.37987825091 1.07643073394e-05
-2.37014829552 1.08134237289e-05
-2.36803585379 1.08240584133e-05
-2.36592234324 1.08346917955e-05
-2.36380726493 1.08453238767e-05
-2.36168995451 1.08559546604e-05
-2.359569796 1.0866584145e-05
-2.35187984675 1.09050194593e-05
-2.34974836486 1.09156425725e-05
-2.34761379987 1.09262642639e-05
-2.3454766595 1.09368844885e-05
-2.34333761155 1.09475031986e-05
-2.3411972688 1.09581203526e-05
-2.33129401536 1.10071192442e-05
-2.32914472255 1.10177273936e-05
-2.32699383152 1.10283338826e-05
-2.32484067314 1.10389387197e-05
-2.32268463959 1.10495419067e-05
-2.32052538011 1.10601434307e-05
-2.31052739735 1.11090676343e-05
-2.30835445974 1.11196591787e-05
-2.30617965986 1.11302488364e-05
-2.30400360219 1.11408365605e-05
-2.30182662878 1.11514223202e-05
-2.29964870923 1.11620061037e-05
-2.28956377056 1.12108459392e-05
-2.28737485857 1.12214184967e-05
-2.28518304696 1.12319890378e-05
-2.28298800344 1.124255755e-05
-2.28078976992 1.12531239994e-05
-2.27858874936 1.12636883343e-05
-2.27061650523 1.13018808292e-05
-2.26840606157 1.13124349645e-05
-2.266194397 1.13229867725e-05
-2.26398183515 1.13335362205e-05
-2.26176832351 1.13440832985e-05
-2.25955345064 1.13546280156e-05
-2.24929435957 1.14032823615e-05
-2.24706688844 1.14138136372e-05
-2.24483618214 1.14243425024e-05
-2.24260230458 1.14348689196e-05
-2.24036567714 1.14453928309e-05
-2.23812694328 1.14559141687e-05
-2.22777171051 1.15044567547e-05
-2.22552368999 1.1514963119e-05
-2.22327471643 1.1525466704e-05
-2.22102436046 1.15359675235e-05
-2.21877197584 1.15464656012e-05
-2.21651690739 1.15569609553e-05
-2.20607218748 1.16053814639e-05
-2.20380281186 1.16158609293e-05
-2.20153072504 1.16263374813e-05
-2.19925657862 1.1636811045e-05
-2.1969810271 1.16472815514e-05
-2.19470451731 1.16577489522e-05
-2.18645465957 1.16955838839e-05
-2.18417037717 1.17060369217e-05
-2.18188469243 1.17164867747e-05
-2.17959695153 1.17269334721e-05
-2.17730650368 1.17373770362e-05
-2.17501291071 1.17478174675e-05
-2.16439398121 1.17959783402e-05
-2.16208660582 1.18064003326e-05
-2.15977721839 1.18168189059e-05
-2.15746646889 1.18272339855e-05
-2.15515478917 1.18376455203e-05
-2.15284225421 1.18480534913e-05
-2.14213736306 1.18960615464e-05
-2.13981444621 1.19064495177e-05
-2.13748880193 1.19168339315e-05
-2.13516000716 1.19272147889e-05
-2.13282799809 1.19375920568e-05
-2.13049309116 1.19479656697e-05
-2.11969201134 1.19958110197e-05
-2.11734625988 1.20061631814e-05
-2.11499960645 1.2016511344e-05
-2.1126521058 1.20268554901e-05
-2.1103034334 1.20371956359e-05
-2.10795299 1.20475318182e-05
-2.0994278206 1.2084884783e-05
-2.09706718777 1.20952024296e-05
-2.09470340184 1.21055160819e-05
-2.09233641918 1.21158257034e-05
-2.08996657489 1.21261312223e-05
-2.08759447543 1.21364325456e-05
-2.0766240015 1.21839377329e-05
-2.07424259576 1.21942147643e-05
-2.07186035144 1.22044873121e-05
-2.06947692582 1.22147553975e-05
-2.06709170902 1.22250190631e-05
-2.06470402038 1.22352783507e-05
-2.05364694188 1.22825875256e-05
-2.05124522445 1.22928216054e-05
-2.04884068343 1.23030511202e-05
-2.04643393573 1.23132759696e-05
-2.04402566384 1.23234960544e-05
-2.04161639643 1.23337112995e-05
-2.0304710877 1.23808127604e-05
-2.02805315836 1.23910007535e-05
-2.02563341971 1.24011838571e-05
-2.02321119191 1.2411362118e-05
-2.02078595391 1.2421535557e-05
-2.01835751134 1.24317041527e-05
-2.00955873854 1.24684414731e-05
-2.00711976795 1.24785868335e-05
-2.00467864027 1.24887270442e-05
-2.00223603704 1.24988619996e-05
-1.99979247558 1.25089916216e-05
-1.99734814286 1.25191158759e-05
-1.98603671346 1.25657911228e-05
-1.98358273164 1.25758853838e-05
-1.98112624601 1.25859743246e-05
-1.97866674708 1.25960579672e-05
-1.97620405855 1.26061362883e-05
-1.97373839457 1.2616209216e-05
-1.96233343397 1.26626429468e-05
-1.95985679563 1.26726843642e-05
-1.95737923681 1.26827199409e-05
-1.9549009267 1.26927496439e-05
-1.9524216438 1.27027734895e-05
-1.94994084766 1.27127915295e-05
-1.93845429419 1.27589699608e-05
-1.93596084643 1.27689552764e-05
-1.93346422663 1.27789347791e-05
-1.93096466719 1.27889083913e-05
-1.92846271725 1.2798875999e-05
-1.92595906649 1.28088374788e-05
-1.91689329308 1.28448162274e-05
-1.91438206186 1.28547491184e-05
-1.91187010007 1.28646756174e-05
-1.90935716844 1.28745957455e-05
-1.90684271417 1.28845095608e-05
-1.90432604893 1.28944171304e-05
-1.89267387978 1.29400784903e-05
-1.8901436721 1.29499504191e-05
-1.88761056265 1.29598159478e-05
-1.88507511274 1.29696749547e-05
-1.88253801486 1.29795273095e-05
-1.87999987023 1.29893729055e-05
-1.86826156828 1.30347427943e-05
-1.86571534409 1.30445503354e-05
-1.86316758992 1.30543510456e-05
-1.86061761508 1.30641449976e-05
-1.85806482501 1.3073932239e-05
-1.85550891274 1.30837127669e-05
-1.84368226808 1.3128778945e-05
-1.84111369444 1.31385203733e-05
-1.83854352658 1.31482546136e-05
-1.835972358 1.31579815555e-05
-1.83340049051 1.31677011405e-05
-1.83082783767 1.31774133722e-05
-1.82150261304 1.32124826447e-05
-1.81892194707 1.3222161179e-05
-1.81633905334 1.32318324325e-05
-1.81375334527 1.32414964554e-05
-1.81116453116 1.32511532436e-05
-1.80857270861 1.3260802729e-05
-1.79658519302 1.33052558451e-05
-1.79398236233 1.33148627998e-05
-1.7913785777 1.33244619058e-05
-1.78877412593 1.33340531055e-05
-1.78616890331 1.33436364063e-05
-1.78356244955 1.33532118691e-05
-1.77149738602 1.33973213128e-05
-1.768879184 1.34068528527e-05
-1.7662578948 1.34163766268e-05
-1.76363363323 1.34258925619e-05
-1.7610068694 1.34354005302e-05
-1.75837827816 1.34449003803e-05
-1.74622584616 1.34886542064e-05
-1.74358924965 1.34981076652e-05
-1.74095189819 1.35075526709e-05
-1.73831331813 1.35169892909e-05
-1.73567283534 1.35264176165e-05
-1.73302979217 1.35358377229e-05
-1.72344992493 1.35698402989e-05
-1.72079661846 1.35792216293e-05
-1.71814037793 1.35885945754e-05
-1.71548168675 1.35979590022e-05
-1.71282122528 1.36073147506e-05
-1.7101596527 1.36166616789e-05
-1.69785374526 1.36597022345e-05
-1.69518473731 1.36689994355e-05
-1.69251450533 1.36782876958e-05
-1.6898423701 1.3687567113e-05
-1.68716767824 1.36968377664e-05
-1.68449001263 1.37060996809e-05
-1.67210112942 1.37487448293e-05
-1.66941100419 1.37579561319e-05
-1.66671916699 1.37671581884e-05
-1.66402627278 1.37763508526e-05
-1.66133273601 1.3785534034e-05
-1.65863859802 1.37947077176e-05
-1.64617450303 1.38369418908e-05
-1.64347122423 1.38460627509e-05
-1.64076539537 1.38551742961e-05
-1.6380566115 1.38642765511e-05
-1.63534484242 1.38733694637e-05
-1.63263044318 1.38824529099e-05
-1.62280358921 1.39152256939e-05
-1.62008090277 1.39242643541e-05
-1.61735721438 1.39332930434e-05
-1.61463292652 1.39423116711e-05
-1.61190806491 1.39513202258e-05
-1.60918227094 1.39603187685e-05
-1.59656847484 1.40017372571e-05
-1.59383205298 1.40106799363e-05
-1.59109269762 1.40196127687e-05
-1.58835039421 1.40285356978e-05
-1.58560551196 1.40374485929e-05
-1.5828586861 1.40463512802e-05
-1.57016186596 1.4087320044e-05
-1.5674073879 1.40961643111e-05
-1.56465236499 1.41049979257e-05
-1.56189642492 1.41138209552e-05
-1.55913893284 1.41226335107e-05
-1.55637919583 1.41314356999e-05
-1.54360797296 1.41719393097e-05
-1.54083571694 1.41806824086e-05
-1.53806093532 1.41894149014e-05
-1.53528427099 1.41981366072e-05
-1.53250642093 1.42068473488e-05
-1.52972791281 1.42155469991e-05
-1.51966610385 1.42469223013e-05
-1.51688151475 1.42555710983e-05
-1.51409602563 1.42642087345e-05
-1.51130899443 1.42728353277e-05
-1.50851972925 1.4281450991e-05
-1.50572771116 1.42900557853e-05
-1.49281111038 1.43296393604e-05
-1.49000704583 1.43381815468e-05
-1.48720116089 1.43467123642e-05
-1.48439415154 1.43552316301e-05
-1.48158653659 1.43637392163e-05
-1.47877849176 1.43722350786e-05
-1.46579168957 1.44113114168e-05
-1.46297575182 1.44197421254e-05
-1.46015759381 1.44281613387e-05
-1.45733670562 1.44365691192e-05
-1.45451292253 1.44449654422e-05
-1.45168647882 1.44533501934e-05
-1.43862028987 1.44919075396e-05
-1.43578477322 1.4500225395e-05
-1.43294870457 1.45085309813e-05
-1.43011224605 1.45168242573e-05
-1.42727516073 1.45251052737e-05
-1.4244368895 1.4533374146e-05
-1.41415042424 1.45631827193e-05
-1.4113040419 1.4571395546e-05
-1.40845495486 1.45795963756e-05
-1.40560301203 1.45877851811e-05
-1.40274846152 1.4595961842e-05
-1.39989187203 1.46041261723e-05
-1.38668982358 1.46416573979e-05
-1.38382598744 1.46497510504e-05
-1.38096180288 1.46578318075e-05
-1.37809701954 1.46658997259e-05
-1.37523106905 1.46739549282e-05
-1.37236324827 1.46819975532e-05
-1.35909431535 1.47189663904e-05
-1.35621491956 1.47269377577e-05
-1.35333297109 1.4734896409e-05
-1.35044904784 1.47428421515e-05
-1.34756385926 1.47507747771e-05
-1.34467801924 1.47586941182e-05
-1.33133933706 1.47950867909e-05
-1.32844757825 1.48029317118e-05
-1.32555467341 1.48107633478e-05
-1.32265991762 1.48185818437e-05
-1.31976270516 1.48263873018e-05
-1.31686272472 1.48341797386e-05
-1.30636110528 1.48622525615e-05
-1.30345250059 1.48699833298e-05
-1.30054198689 1.48777006144e-05
-1.29763027541 1.48854042015e-05
-1.29471797429 1.48930939216e-05
-1.29180539409 1.4900769693e-05
-1.27833961442 1.49360311297e-05
-1.27542051304 1.49436293649e-05
-1.27249958268 1.49512139015e-05
-1.26957622358 1.49587848446e-05
-1.26665013591 1.49663422095e-05
-1.26372141703 1.49738859055e-05
-1.25018378321 1.500853212e-05
-1.24724632614 1.501599688e-05
-1.24430834242 1.50234471957e-05
-1.24137013137 1.50308829876e-05
-1.23843159419 1.50383042834e-05
-1.23549226663 1.50457111992e-05
-1.22189565281 1.50797251026e-05
-1.21894694288 1.50870517992e-05
-1.21599554627 1.50943643665e-05
-1.21304157329 1.51016627094e-05
-1.21008549886 1.51089466436e-05
-1.20712801099 1.5116215944e-05
-1.1964257017 1.51423850535e-05
-1.19346284641 1.51495862903e-05
-1.19049981688 1.51567724358e-05
-1.18753650172 1.51639435232e-05
-1.18457242657 1.51710996758e-05
-1.18160690725 1.51782410574e-05
-1.16788886543 1.5211021524e-05
-1.1649129905 1.52180796934e-05
-1.16193459613 1.52251230907e-05
-1.15895416733 1.52321515254e-05
-1.15597239647 1.52391647672e-05
-1.15298996191 1.52461626091e-05
-1.13920876276 1.52782726744e-05
-1.1362215158 1.52851840362e-05
-1.13323354134 1.52920799179e-05
-1.13024415118 1.52989604897e-05
-1.12725267464 1.53058258971e-05
-1.12425867461 1.53126762035e-05
-1.11041510536 1.53441031268e-05
-1.10741118831 1.53508666366e-05
-1.10440600192 1.53576144041e-05
-1.10140022166 1.536434622e-05
-1.0983942861 1.53710619585e-05
-1.09538825715 1.5377761608e-05
-1.08450152967 1.54018633299e-05
-1.08149053573 1.54084896075e-05
-1.07847815693 1.54151000475e-05
-1.07546372572 1.54216947991e-05
-1.07244681392 1.54282739263e-05
-1.06942737127 1.54348373771e-05
-1.05547175741 1.54649312359e-05
-1.05244405406 1.54714043054e-05
-1.04941582783 1.54778608836e-05
-1.04638750855 1.54843008461e-05
-1.04335914651 1.54907241859e-05
-1.04033039744 1.54971310068e-05
-1.02632441934 1.55265009065e-05
-1.02328794898 1.55328159003e-05
-1.02024904333 1.55391147587e-05
-1.01720766376 1.55453974267e-05
-1.01416416596 1.55516637378e-05
-1.01111918698 1.55579134574e-05
-0.997052570663 1.55865498578e-05
-0.994002799102 1.55927050714e-05
-0.990953036881 1.55988431431e-05
-0.987902929332 1.56049641833e-05
-0.98485184307 1.56110683705e-05
-0.98179907011 1.56171558846e-05
-0.970741396261 1.56390344649e-05
-0.967681444774 1.56450442067e-05
-0.964619078325 1.56510372586e-05
-0.961554663019 1.56570134493e-05
-0.958488841965 1.56629725393e-05
-0.95542232996 1.5668914289e-05
-0.941256497228 1.56961222956e-05
-0.938186297486 1.57019663997e-05
-0.935115795889 1.57077929761e-05
-0.932044353308 1.571360221e-05
-0.928971262183 1.57193942861e-05
-0.925895974441 1.57251693201e-05
-0.911678237825 1.57516070965e-05
-0.908593885921 1.57572846239e-05
-0.905508205022 1.57629445582e-05
-0.902421909557 1.57685866573e-05
-0.899335551251 1.57742107492e-05
-0.896249343158 1.57798167788e-05
-0.881985898545 1.58054703365e-05
-0.8788950949 1.5810976243e-05
-0.875802683085 1.58164645247e-05
-0.872708121465 1.58219352992e-05
-0.869611208608 1.58273885655e-05
-0.866512149187 1.58328241956e-05
-0.855298981439 1.58523327962e-05
-0.852194451063 1.5857685357e-05
-0.849089383598 1.58630196064e-05
-0.845984324464 1.58683353734e-05
-0.842879476675 1.58736326067e-05
-0.839774636968 1.58789113837e-05
-0.825421483637 1.59030490414e-05
-0.822310776158 1.59082254974e-05
-0.819197967846 1.59133840004e-05
-0.816082867349 1.59185245477e-05
-0.812965689839 1.59236470076e-05
-0.809846989316 1.59287511529e-05
-0.795442431087 1.59520749062e-05
-0.792319710598 1.59570745103e-05
-0.789197263809 1.59620551306e-05
-0.78607487723 1.59670168505e-05
-0.78295200046 1.59719598493e-05
-0.779827923817 1.59768843367e-05
-0.76538345016 1.59993805506e-05
-0.762251217434 1.60042007444e-05
-0.759116978865 1.60090024209e-05
-0.755981295701 1.60137853489e-05
-0.752844886199 1.60185492675e-05
-0.749708396243 1.60232939621e-05
-0.738359871585 1.6040296428e-05
-0.735220892273 1.60449529915e-05
-0.732082026691 1.60495902334e-05
-0.728942717487 1.60542083395e-05
-0.72580225322 1.60588075248e-05
-0.722659997586 1.60633879569e-05
-0.708134666118 1.60842890761e-05
-0.704984448583 1.60887627448e-05
-0.701832866098 1.60932172543e-05
-0.698680638696 1.60976523414e-05
-0.695528408312 1.61020677916e-05
-0.692376533991 1.61064635009e-05
-0.677814731054 1.61265072573e-05
-0.674660083428 1.61307934769e-05
-0.671504327358 1.61350603905e-05
-0.668346830638 1.61393081682e-05
-0.66518724573 1.61435368687e-05
-0.662025622552 1.6147746413e-05
-0.647420577451 1.61669265473e-05
-0.644253640169 1.61710260447e-05
-0.641086778241 1.61751055181e-05
-0.637920342381 1.61791648666e-05
-0.634754284944 1.61832041282e-05
-0.631588176534 1.61872234612e-05
-0.620123176398 1.62015986066e-05
-0.616953247334 1.62055267116e-05
-0.613781630119 1.62094353236e-05
-0.610607985615 1.62133245009e-05
-0.607432373628 1.62171941621e-05
-0.604255235205 1.62210441055e-05
-0.589583185947 1.62385579493e-05
-0.586402823508 1.62422951605e-05
-0.583222958035 1.62460118903e-05
-0.580043532174 1.62497081822e-05
-0.576864108514 1.62533842005e-05
-0.573684011124 1.62570401716e-05
-0.558983901102 1.62736613597e-05
-0.555797340508 1.62772049892e-05
-0.552608884669 1.62807287699e-05
-0.54941898262 1.62842324971e-05
-0.546228320236 1.6287715905e-05
-0.543037601424 1.62911787454e-05
-0.528304087597 1.63069010068e-05
-0.525112446698 1.63102485735e-05
-0.521920862408 1.63135755504e-05
-0.518728655241 1.6316882169e-05
-0.515535130443 1.63201686423e-05
-0.512339801887 1.63234350907e-05
-0.500775190847 1.63350789089e-05
-0.49757505564 1.63382512987e-05
-0.494373555533 1.6341403328e-05
-0.491171379947 1.63445347293e-05
-0.487969230946 1.63476452549e-05
-0.484767599276 1.6350734751e-05
-0.469981094627 1.6364730616e-05
-0.466778523056 1.63677033245e-05
-0.463575380775 1.63706553933e-05
-0.460370975009 1.63735870382e-05
-0.457164826292 1.63764983802e-05
-0.453956823541 1.63793894013e-05
-0.439139196739 1.63924667699e-05
-0.435926692209 1.63952412241e-05
-0.432714297913 1.63979945249e-05
-0.429502497991 1.64007265218e-05
-0.426291406684 1.64034372041e-05
-0.423080733136 1.64061267001e-05
-0.408244598373 1.64182749887e-05
-0.40503050467 1.64208471609e-05
-0.401814730144 1.64233987826e-05
-0.398597172795 1.64259298346e-05
-0.395378135628 1.64284401584e-05
-0.392158230909 1.64309295029e-05
-0.380514809854 1.64397550813e-05
-0.377293371295 1.64421467808e-05
-0.374072604661 1.6444516934e-05
-0.370852615226 1.64468655351e-05
-0.367633103667 1.64491927181e-05
-0.364413463485 1.64514987098e-05
-0.349534422424 1.64618738763e-05
-0.346310231511 1.64640617072e-05
-0.343084330113 1.64662287511e-05
-0.33985702966 1.64683748477e-05
-0.336628947595 1.64704997447e-05
-0.333400810662 1.64726031749e-05
-0.318498762767 1.64820361246e-05
-0.315271091441 1.64840188854e-05
-0.312043958813 1.64859800294e-05
-0.308816753351 1.64879197881e-05
-0.305588756925 1.64898384075e-05
-0.302359376215 1.64917360655e-05
-0.287439269842 1.65002216497e-05
-0.284204930526 1.6502000074e-05
-0.280969896202 1.65037571116e-05
-0.277734893672 1.65054924959e-05
-0.274500522285 1.65072060296e-05
-0.271267063022 1.65088976445e-05
-0.259567918841 1.65148376297e-05
-0.256334394094 1.65164295786e-05
-0.253100853061 1.65179999817e-05
-0.249866577671 1.6519549088e-05
-0.246630979483 1.65210770765e-05
-0.243393789675 1.65225839963e-05
-0.228443033748 1.65292617272e-05
-0.225202283158 1.6530648071e-05
-0.221961651425 1.65320126093e-05
-0.218721732974 1.65333551479e-05
-0.215482800634 1.65346756234e-05
-0.212244719626 1.65359741212e-05
-0.197287060166 1.65416907662e-05
-0.194047746304 1.6542867855e-05
-0.190807172002 1.65440237031e-05
-0.187565076597 1.65451583591e-05
-0.184321607267 1.65462717222e-05
-0.181077273354 1.65473635733e-05
-0.166102472804 1.65521206405e-05
-0.162858252864 1.65530900096e-05
-0.159615093194 1.65540372064e-05
-0.156372850324 1.65549623214e-05
-0.153131020161 1.65558655642e-05
-0.14988890093 1.65567471941e-05
-0.138153724773 1.6559756944e-05
-0.134909423642 1.65605387769e-05
-0.131663672628 1.65612993284e-05
-0.128416627579 1.65620384966e-05
-0.125168804178 1.6562756062e-05
-0.121920913998 1.65634517559e-05
-0.106931615184 1.65663786014e-05
-0.103685480857 1.65669509808e-05
-0.100440328926 1.656750121e-05
-0.0971956490304 1.6568029503e-05
-0.0939507374903 1.65685361217e-05
-0.0907049241178 1.6569021292e-05
-0.0757111716865 1.65709806849e-05
-0.072461807254 1.65713444564e-05
-0.0692117510852 1.65716865694e-05
-0.0659617165657 1.65720067566e-05
-0.0627123810829 1.65723047885e-05
-0.0594641700879 1.6572580546e-05
-0.0444687994835 1.6573570397e-05
-0.0412225275347 1.657372288e-05
-0.037976081676 1.65738536628e-05
-0.034728794881 1.65739629719e-05
-0.0314802536368 1.65740509227e-05
-0.028230431915 1.65741174823e-05
-0.0164788260421 1.65741744581e-05
-0.0132277973277 1.65741405616e-05
-0.0099768788195 1.65740847208e-05
-0.00672674463642 1.65740067095e-05
-0.00347781304555 1.65739064137e-05
-0.000230113821158 1.65737838676e-05
0.0147666346404 1.65729364256e-05
0.0180133545108 1.65726911591e-05
0.0212608540925 1.65724244286e-05
0.0245095397299 1.65721363491e-05
0.0277594287248 1.65718268866e-05
0.0310101422624 1.65714958704e-05
0.0460118707439 1.65696822646e-05
0.0492615420836 1.65692283373e-05
0.0525099329341 1.65687521513e-05
0.0557570223033 1.65682537459e-05
0.0590031844027 1.65677332973e-05
0.0622490672343 1.65671910632e-05
0.077242286181 1.65644081688e-05
0.0804898551534 1.6563744528e-05
0.0837385500904 1.65630595475e-05
0.0869879848073 1.65623530565e-05
0.0902375007436 1.65616248039e-05
0.0934863768722 1.65608745402e-05
0.105230744584 1.65579774531e-05
0.108477334177 1.65571261522e-05
0.111722553569 1.65562526987e-05
0.114966784341 1.65553572727e-05
0.118210678129 1.65544401342e-05
0.121454946419 1.65535015409e-05
0.136438971007 1.65488891177e-05
0.139685212537 1.65478297337e-05
0.142932109018 1.65467489173e-05
0.146178998382 1.65456464195e-05
0.149425161024 1.65445219944e-05
0.15267004932 1.65433754802e-05
0.167644782101 1.65378002431e-05
0.170885824764 1.65365312947e-05
0.174126473055 1.65352407419e-05
0.177367437023 1.65339288425e-05
0.180609252794 1.65325957703e-05
0.18385210936 1.65312415615e-05
0.198820851877 1.65247088032e-05
0.202063859481 1.65232338495e-05
0.205306053789 1.65217370878e-05
0.208546893283 1.65202183611e-05
0.211786185184 1.65186776504e-05
0.215024145765 1.6517115083e-05
0.226738682773 1.65112859127e-05
0.229974834338 1.65096240365e-05
0.233211243052 1.65079409564e-05
0.23644843894 1.65062368448e-05
0.239686602421 1.6504511737e-05
0.242925504947 1.65027655221e-05
0.257870516266 1.64944234066e-05
0.261107493753 1.64925567293e-05
0.264343036532 1.64906682461e-05
0.26757696057 1.64887579431e-05
0.27080949056 1.64868259516e-05
0.274041186384 1.64848725094e-05
0.288964862209 1.64755799102e-05
0.292196195028 1.64735075097e-05
0.295428422364 1.64714142864e-05
0.29866130735 1.64693001299e-05
0.301894279034 1.64671648243e-05
0.305126614166 1.64650081213e-05
0.320037052907 1.64547728217e-05
0.323264370505 1.64524960023e-05
0.326490232157 1.64501976966e-05
0.329715203103 1.64478781441e-05
0.332939998143 1.64455376159e-05
0.336165251305 1.6443176332e-05
0.347831171921 1.64344604684e-05
0.351056229716 1.64320024926e-05
0.354281864018 1.64295237898e-05
0.357507498652 1.64270241464e-05
0.360732410027 1.64245033185e-05
0.363955957971 1.64219611141e-05
0.378827161814 1.64099500652e-05
0.382045128015 1.64072891265e-05
0.38526214789 1.64046071777e-05
0.388478936622 1.64019044893e-05
0.391696123606 1.63991812797e-05
0.394914049436 1.63964376492e-05
0.409766028321 1.63835001955e-05
0.412983104733 1.63806402059e-05
0.416199371774 1.63777592769e-05
0.419414194135 1.6374857222e-05
0.422627227452 1.63719339728e-05
0.425838527309 1.63689896053e-05
0.440660990605 1.63551286782e-05
0.443868560284 1.635206813e-05
0.447076469055 1.6348987326e-05
0.450285049217 1.63458863648e-05
0.453494232865 1.63427652012e-05
0.456703572262 1.63396236663e-05
0.468300180376 1.63280868103e-05
0.471506596032 1.6324850349e-05
0.474711486664 1.63215930442e-05
0.477914516439 1.63183148328e-05
0.481115750255 1.6315015795e-05
0.484315631412 1.63116961338e-05
0.49908808754 1.62961075445e-05
0.502285520717 1.62926740121e-05
0.505483558437 1.62892206161e-05
0.508682123582 1.62857473107e-05
0.511880761445 1.62822539288e-05
0.515078784256 1.62787402412e-05
0.529827198989 1.62622526848e-05
0.5330190358 1.6258624667e-05
0.536209015443 1.6254976145e-05
0.539397588343 1.62513073232e-05
0.542585435245 1.62476184671e-05
0.545773247783 1.62439098241e-05
0.560489094972 1.6226529497e-05
0.563675862068 1.62227094877e-05
0.566862619421 1.62188697256e-05
0.570048676977 1.62150099858e-05
0.573233336466 1.62111300625e-05
0.576416114235 1.62072298412e-05
0.587920449321 1.6192956944e-05
0.591098004229 1.61889646254e-05
0.594274099742 1.61849523594e-05
0.597449418986 1.618092041e-05
0.600624650538 1.61768690221e-05
0.603800266482 1.61727983493e-05
0.618455283969 1.61537499703e-05
0.621629000346 1.61495697839e-05
0.624801932964 1.61453699755e-05
0.627973386909 1.61411503453e-05
0.631142886361 1.61369107849e-05
0.6343103259 1.61326513187e-05
0.648925181806 1.61127341261e-05
0.652086824982 1.6108365304e-05
0.655248328355 1.61039774182e-05
0.658410156237 1.60995706192e-05
0.661572401848 1.60951449254e-05
0.664734756088 1.60907002251e-05
0.679318757962 1.60699276115e-05
0.682475867867 1.60653747485e-05
0.685630951879 1.60608023496e-05
0.688783914641 1.60562104437e-05
0.691935062321 1.60515991892e-05
0.695085003086 1.604696883e-05
0.706478035953 1.60300644847e-05
0.709624684909 1.60253467975e-05
0.712771599581 1.60206105936e-05
0.715918863197 1.60158558899e-05
0.719066157992 1.60110825756e-05
0.722212865842 1.60062904556e-05
0.736721367442 1.59839188695e-05
0.739860920604 1.59790205678e-05
0.742998292859 1.59741031829e-05
0.746133799278 1.59691668747e-05
0.749268052718 1.59642118861e-05
0.752401766127 1.59592384729e-05
0.766865397966 1.59360379907e-05
0.769996577927 1.59309614432e-05
0.773127712444 1.59258667043e-05
0.776258178926 1.5920753583e-05
0.779387257362 1.59156218763e-05
0.782514360277 1.59104714427e-05
0.796934482811 1.58864532304e-05
0.800053259447 1.58811992586e-05
0.803170738842 1.58759270531e-05
0.806287632775 1.58706368664e-05
0.809404517999 1.58653288891e-05
0.812521650193 1.58600031981e-05
0.823786772531 1.5840588716e-05
0.826900670102 1.58351801327e-05
0.830013819494 1.58297536121e-05
0.833125502179 1.58243089576e-05
0.836235137672 1.58188460342e-05
0.839342468592 1.58133648204e-05
0.853674903776 1.57878271635e-05
0.856774547373 1.57822455289e-05
0.859873561755 1.57766463767e-05
0.862972516774 1.57710298935e-05
0.866071657923 1.57653961531e-05
0.869170826386 1.57597451022e-05
0.883461490093 1.57334249029e-05
0.886554728062 1.57276752836e-05
0.889645848685 1.57219078738e-05
0.892734605145 1.57161226571e-05
0.895821154909 1.57103197431e-05
0.898906007906 1.57044993408e-05
0.91314150377 1.56774047442e-05
0.916221496223 1.56714879261e-05
0.919301615149 1.56655543258e-05
0.922381691397 1.565960389e-05
0.92546120473 1.56536364674e-05
0.928539449709 1.56476518671e-05
0.939657113515 1.56258614883e-05
0.942728698562 1.56197979233e-05
0.945797861788 1.56137170534e-05
0.948864771294 1.56076189903e-05
0.951929944094 1.56015039419e-05
0.954994079102 1.55953721547e-05
0.969133895072 1.55668466984e-05
0.972193987974 1.55606217386e-05
0.975253969262 1.5554380435e-05
0.978313311831 1.55481226396e-05
0.981371309283 1.55418481674e-05
0.984427301693 1.55355568649e-05
0.99851494311 1.55062946362e-05
1.00156122363 1.54999100858e-05
1.00460572971 1.54935090692e-05
1.00764916136 1.54870918285e-05
1.01069216902 1.54806585741e-05
1.01373514393 1.54742094266e-05
1.02777063618 1.54442241159e-05
1.03080883474 1.54376847585e-05
1.03384561268 1.54311292406e-05
1.03688031573 1.54245574156e-05
1.03991255152 1.54179692264e-05
1.04294231436 1.54113647327e-05
1.05389373559 1.53873447349e-05
1.05691661747 1.5380666689e-05
1.05993839038 1.53739729479e-05
1.06295969917 1.53672637164e-05
1.06598092488 1.53605391107e-05
1.06900206143 1.53537991315e-05
1.08293127809 1.53224769687e-05
1.08594589404 1.53156494751e-05
1.08895836685 1.53088062114e-05
1.09196831481 1.53019471262e-05
1.09497574419 1.52950722822e-05
1.097981046 1.52881818462e-05
1.11184555619 1.52561719307e-05
1.11484424261 1.52491959156e-05
1.11784279705 1.5242205057e-05
1.12084120157 1.52351993541e-05
1.12383905456 1.52281787038e-05
1.12683569861 1.5221142945e-05
1.14064553471 1.51884617775e-05
1.14363228639 1.51813411032e-05
1.14661647616 1.51742052276e-05
1.14959850462 1.51670543162e-05
1.15257902481 1.51598885918e-05
1.15555873177 1.51527082725e-05
1.16633014205 1.51266154437e-05
1.16930513397 1.51193677318e-05
1.17227991645 1.51121057146e-05
1.17525407845 1.51048292915e-05
1.17822695902 1.50975383065e-05
1.18119785862 1.50902326089e-05
1.19488910601 1.50563132227e-05
1.19784918118 1.5048925811e-05
1.20080706378 1.50415239293e-05
1.20376341058 1.50341077958e-05
1.20671891326 1.50266776226e-05
1.20967407566 1.50192335585e-05
1.22330314661 1.49846819065e-05
1.22625276011 1.49771592903e-05
1.22920102094 1.49696226674e-05
1.23214723335 1.49620718942e-05
1.23509089282 1.49545068903e-05
1.23803184704 1.49469276747e-05
1.25159196772 1.49117558434e-05
1.25452330278 1.49040989577e-05
1.25745376489 1.48964285948e-05
1.26038384814 1.48887448973e-05
1.26331369325 1.48810479102e-05
1.2662430415 1.48733375771e-05
1.27682061852 1.48453350324e-05
1.27974343527 1.48375624877e-05
1.28266413777 1.48297763619e-05
1.28558223171 1.48219765811e-05
1.28849757796 1.4814163168e-05
1.29141043606 1.48063362451e-05
1.3048445292 1.47700295682e-05
1.30774914679 1.47621287902e-05
1.3106533486 1.47542152394e-05
1.3135572623 1.47462889575e-05
1.31646061745 1.47383498887e-05
1.31936283142 1.47303979082e-05
1.3327347106 1.4693514501e-05
1.33562645081 1.46854897676e-05
1.33851540326 1.46774519863e-05
1.34140183958 1.46694012792e-05
1.34428634045 1.46613378354e-05
1.34716960838 1.46532618606e-05
1.36046902885 1.46158139142e-05
1.3633462429 1.4607668201e-05
1.36622283781 1.45995102636e-05
1.36909822449 1.45913399817e-05
1.37197169556 1.45831572196e-05
1.37484265185 1.45749618804e-05
1.3852102834 1.45452163999e-05
1.38807208913 1.45369641436e-05
1.39093135339 1.45286995486e-05
1.39378866356 1.45204227995e-05
1.39664472117 1.45121340955e-05
1.39950011608 1.45038335972e-05
1.41266768433 1.44653561373e-05
1.41551678483 1.44569892469e-05
1.41836461121 1.44486105812e-05
1.42121045747 1.44402200113e-05
1.42405373321 1.44318174471e-05
1.42689415254 1.44234028768e-05
1.43998634365 1.43844019456e-05
1.44281574852 1.43759218226e-05
1.44564388354 1.43674303217e-05
1.44847132983 1.43589275963e-05
1.45129836212 1.4350413723e-05
1.45412485974 1.43418886875e-05
1.4671496756 1.43023808464e-05
1.46996719857 1.42937924061e-05
1.47278209724 1.4285192555e-05
1.47559409959 1.42765812858e-05
1.47840332915 1.42679586798e-05
1.48121026444 1.42593248915e-05
1.49135556481 1.42280061428e-05
1.49415509812 1.42193217808e-05
1.49695391853 1.42106267635e-05
1.49975228693 1.42019211625e-05
1.50255006868 1.4193204963e-05
1.50534677604 1.4184478079e-05
1.51823020696 1.41440456163e-05
1.52101606514 1.41352584053e-05
1.5237989895 1.41264603632e-05
1.52657911796 1.41176515719e-05
1.52935693886 1.41088321822e-05
1.53213313337 1.41000023758e-05
1.54493648925 1.40591021457e-05
1.54770555104 1.40502147262e-05
1.55047397528 1.40413172693e-05
1.55324126461 1.40324096924e-05
1.55600673242 1.40234918833e-05
1.55876972286 1.40145637473e-05
1.57149774768 1.39732108553e-05
1.57424814991 1.39642257638e-05
1.57699623402 1.39552306549e-05
1.57974268314 1.39462257036e-05
1.58248814538 1.39372110674e-05
1.58523302519 1.39281868461e-05
1.59514736494 1.38954647768e-05
1.59788582308 1.38863959179e-05
1.60062308685 1.38773175001e-05
1.60335846806 1.38682294172e-05
1.60609131794 1.38591315816e-05
1.60882123502 1.38500239619e-05
1.62139995269 1.38078510684e-05
1.62411771072 1.37986900578e-05
1.62683382759 1.37895197743e-05
1.62954894436 1.37803403677e-05
1.632263452 1.37711519321e-05
1.63497736515 1.37619544864e-05
1.6474820869 1.37193706381e-05
1.65018680814 1.37101220527e-05
1.65288894589 1.37008642839e-05
1.65558811269 1.36915973055e-05
1.65828429858 1.36823211648e-05
1.6609778735 1.36730359775e-05
1.67339672631 1.36300529249e-05
1.67608094552 1.36207184658e-05
1.67876453031 1.36113755277e-05
1.68144747943 1.3602024127e-05
1.68412941315 1.3592664214e-05
1.68680969474 1.35832956995e-05
1.69648219341 1.35493373104e-05
1.69915308002 1.35399292742e-05
1.70182095985 1.35305125967e-05
1.70448583929 1.35210873266e-05
1.70714810124 1.35116535768e-05
1.7098083814 1.35022114981e-05
1.72207490241 1.34585118627e-05
1.72472704607 1.34490240213e-05
1.72737851387 1.34395282577e-05
1.73002891328 1.34300245242e-05
1.73267760246 1.34205127368e-05
1.73532389608 1.34109928127e-05
1.74751084057 1.33669352058e-05
1.75014391184 1.33573703355e-05
1.75277436189 1.33477975444e-05
1.75540283166 1.33382169771e-05
1.75803000065 1.33286287759e-05
1.76065636822 1.33190330462e-05
1.77276184145 1.32746310116e-05
1.77538022209 1.32649929081e-05
1.77799683548 1.32553472905e-05
1.78061100106 1.32456940824e-05
1.78322222279 1.32360332446e-05
1.78583034811 1.3226364797e-05
1.79525016382 1.31913331289e-05
1.79784833492 1.31816306736e-05
1.80044452977 1.31719209853e-05
1.80303942311 1.31622041988e-05
1.80563350144 1.31524804126e-05
1.80822690615 1.31427496674e-05
1.82017529151 1.30977308746e-05
1.82275937721 1.30879607151e-05
1.82534096441 1.30781835025e-05
1.82791957056 1.30683992031e-05
1.83049506044 1.3058607839e-05
1.83306768898 1.3048809491e-05
1.84492572951 1.30034835083e-05
1.84748791605 1.2993647331e-05
1.85004927531 1.29838046726e-05
1.85260993133 1.29739555703e-05
1.85516961885 1.29641000047e-05
1.85772776806 1.29542379167e-05
1.86950633865 1.29086194447e-05
1.87205191202 1.28987207809e-05
1.87459435192 1.28888155873e-05
1.87713392924 1.28789039426e-05
1.87967121539 1.28689859639e-05
1.88220689822 1.28590617782e-05
1.89136829765 1.28231150236e-05
1.89389653871 1.28131624966e-05
1.89642404777 1.28032040298e-05
1.89895054373 1.27932396046e-05
1.90147544813 1.2783269166e-05
1.9039980709 1.27732926497e-05
1.91561235844 1.27271530547e-05
1.91812136422 1.27171429294e-05
1.92062750896 1.27071268741e-05
1.92313137284 1.26971050002e-05
1.92563364236 1.26870774271e-05
1.92813488936 1.26770442536e-05
1.9396626571 1.26306482689e-05
1.94215559378 1.2620583769e-05
1.94464688649 1.26105137534e-05
1.94713584698 1.26004381642e-05
1.94962190675 1.25903569638e-05
1.95210479953 1.25802701563e-05
1.96354211648 1.2533629581e-05
1.96601220908 1.25235124815e-05
1.96848071829 1.25133901779e-05
1.9709482043 1.25032627617e-05
1.9734149225 1.24931302841e-05
1.97588074098 1.24829927489e-05
1.98477871129 1.24462820063e-05
1.98723605461 1.24361209765e-05
1.98969101645 1.24259548649e-05
1.99214304055 1.24157836395e-05
1.99459187884 1.24056073075e-05
1.99703767068 1.23954259209e-05
2.00830794649 1.23483558589e-05
2.0107423774 1.23381472638e-05
2.01317578573 1.23279340308e-05
2.01560840861 1.23177162066e-05
2.01804009582 1.23074937945e-05
2.02047035772 1.22972667628e-05
2.0316580776 1.22499880828e-05
2.03407576015 1.22397351467e-05
2.03649024059 1.22294775911e-05
2.03890167694 1.2219215467e-05
2.04131056312 1.22089488587e-05
2.04371756978 1.21986778656e-05
2.05481240461 1.21512012131e-05
2.05721064431 1.21409062253e-05
2.05960791279 1.21306071061e-05
2.06200370814 1.21203038269e-05
2.06439735657 1.21099963455e-05
2.06678822902 1.2099684628e-05
2.07541507673 1.20623526392e-05
2.07779492378 1.20520219263e-05
2.08017173184 1.20416871166e-05
2.08254600722 1.20313482896e-05
2.08491842254 1.2021005537e-05
2.08728960017 1.20106589421e-05
2.09821690573 1.19628392146e-05
2.10057949522 1.19524713183e-05
2.10294056426 1.1942099708e-05
2.10529943756 1.19317243472e-05
2.10765549573 1.19213452077e-05
2.11000837439 1.19109622871e-05
2.12084337192 1.18629774181e-05
2.12318279331 1.18525741653e-05
2.1255203761 1.18421674315e-05
2.12785673289 1.18317572925e-05
2.13019221765 1.18213437998e-05
2.13252681165 1.18109269719e-05
2.14327671872 1.17627885841e-05
2.14560058447 1.1752352998e-05
2.14792159765 1.17419140762e-05
2.15023941228 1.17314718195e-05
2.15255405637 1.17210262597e-05
2.1548659224 1.17105774566e-05
2.16321694013 1.16727585067e-05
2.16551947532 1.16622953173e-05
2.16782079738 1.16518291449e-05
2.17012124179 1.16413600359e-05
2.17242076927 1.16308880076e-05
2.17471897816 1.16204130508e-05
2.18529706358 1.15720118763e-05
2.18758282659 1.1561520556e-05
2.1898653744 1.15510263323e-05
2.19214475588 1.1540529236e-05
2.19442137958 1.15300293228e-05
2.19669588186 1.15195266627e-05
2.20717830375 1.14710016026e-05
2.20944351951 1.14604841138e-05
2.21170779228 1.14499641067e-05
2.21397070457 1.14394415747e-05
2.21623161575 1.14289164979e-05
2.21848986825 1.14183888577e-05
2.22888300928 1.13697504241e-05
2.2311269528 1.13592088828e-05
2.23336816139 1.13486649352e-05
2.23560727701 1.13381186443e-05
2.23784495238 1.13275700721e-05
2.24008164097 1.13170192668e-05
2.24815600971 1.12788383656e-05
2.25038486362 1.12682773372e-05
2.25261231528 1.12577141724e-05
2.25483771894 1.12471488566e-05
2.25706042421 1.12365813762e-05
2.25927998533 1.12260117303e-05
2.26949783586 1.1177184981e-05
2.27170348038 1.11666038079e-05
2.27390706237 1.11560206792e-05
2.27610922719 1.11454356497e-05
2.27831041092 1.11348487623e-05
2.28051069991 1.11242600419e-05
2.29064122426 1.10753480534e-05
2.29283098012 1.10647491578e-05
2.29501799928 1.10541484814e-05
2.29720185396 1.10435460264e-05
2.29938246852 1.10329418119e-05
2.30156014344 1.10223358739e-05
2.31159287285 1.09733473883e-05
2.3137594041 1.09627324082e-05
2.31592496031 1.09521159299e-05
2.31808960557 1.09414979762e-05
2.32025302929 1.09308785546e-05
2.32241464605 1.09202576621e-05
2.33020922725 1.08818296918e-05
2.33236044366 1.08712021924e-05
2.33450847744 1.08605732857e-05
2.33665327561 1.08499429905e-05
2.33879515799 1.08393113391e-05
2.34093471393 1.08286783733e-05
2.35079352301 1.07795700261e-05
2.35292335072 1.07689301755e-05
2.35505225106 1.07582891919e-05
2.35717989425 1.07476470845e-05
2.35930568547 1.07370038547e-05
2.36142895642 1.07263595012e-05
2.37119810182 1.06772005666e-05
2.37330699318 1.06665502591e-05
2.37541299516 1.06558989463e-05
2.37751670646 1.06452466636e-05
2.37961879251 1.06345934486e-05
2.38171977135 1.06239393348e-05
2.39139708436 1.05747381215e-05
2.39348886623 1.05640792433e-05
2.39557875136 1.05534195759e-05
2.39766607568 1.05427591231e-05
2.39975032876 1.05320978918e-05
2.40183131807 1.05214358955e-05
2.4093422457 1.04828656955e-05
2.4114122999 1.04722004997e-05
2.41348010116 1.04615346622e-05
2.41554631041 1.04508682138e-05
2.41761142942 1.04402011828e-05
2.41967563913 1.04295335923e-05
2.42917876215 1.03802744795e-05
2.43123268028 1.0369604001e-05
2.43328399819 1.03589330601e-05
2.43533222234 1.03482616667e-05
2.43737718351 1.03375898345e-05
2.43941909102 1.03269175821e-05
2.44882390298 1.02776391904e-05
2.45085419048 1.02669649811e-05
2.45288340484 1.02562904896e-05
2.4549117036 1.0245615737e-05
2.45693886644 1.02349407414e-05
2.45896436607 1.02242655175e-05
2.46828191117 1.01749755108e-05
2.47029406735 1.01642992783e-05
2.47230296391 1.01536229174e-05
2.47430883246 1.01429464431e-05
2.47631220674 1.01322698725e-05
2.47831375063 1.01215932241e-05
2.4855417802 1.00829756043e-05
2.48753506331 1.00722988372e-05
2.48952742398 1.00616220921e-05
2.49151861968 1.00509453886e-05
2.4935081099 1.00402687454e-05
2.49549523039 1.002959218e-05
2.5046353843 9.98029997189e-06
2.5066081977 9.96962411844e-06
2.50857801137 9.95894844236e-06
2.51054537208 9.94827295479e-06
2.51251094334 9.93759766798e-06
2.51447529173 9.92692259647e-06
2.52352248972 9.87763930401e-06
2.52547770766 9.8669657776e-06
2.52743117771 9.85629258537e-06
2.5293822366 9.84561974912e-06
2.53133032484 9.83494728764e-06
2.53327516709 9.82427521545e-06
2.54222648101 9.77500764076e-06
2.54415783128 9.76433797171e-06
2.54608743412 9.75366876593e-06
2.54801584144 9.74300003304e-06
2.54994331715 9.73233178833e-06
2.55186975213 9.72166405289e-06
2.55881612603 9.68308366456e-06
2.56073358137 9.67241852678e-06
2.56264858488 9.66175400847e-06
2.56456059241 9.65109013132e-06
2.56646935245 9.64042690993e-06
2.56837498701 9.62976435161e-06
2.57714973504 9.58054412215e-06
2.57904338959 9.5698854518e-06
2.58093587594 9.55922749658e-06
2.58282743395 9.54857026995e-06
2.58471792981 9.53791379423e-06
2.58660689913 9.5272580982e-06
2.59529457528 9.47807161758e-06
2.59717052547 9.46742063534e-06
2.59904322919 9.45677056005e-06
2.60091283331 9.44612139574e-06
2.60277981097 9.43547313888e-06
2.60464480909 9.42482578368e-06
2.61323584113 9.3756791261e-06
2.61509151549 9.36503708066e-06
2.61694610526 9.35439601348e-06
2.61879912921 9.34375595692e-06
2.62064993873 9.33311694591e-06
2.62249792714 9.3224790108e-06
2.6291606956 9.28401069849e-06
2.6309973834 9.27337780555e-06
2.63283100012 9.26274605604e-06
2.63466203561 9.25211544095e-06
2.63649113984 9.24148594847e-06
2.6383189136 9.23085757194e-06
2.6467362701 9.18180163936e-06
2.64855500054 9.17117987292e-06
2.65037212529 9.1605593342e-06
2.65218699325 9.1499400622e-06
2.65399901001 9.13932209016e-06
2.65580782956 9.12870543852e-06
2.66413032757 9.07970529527e-06
2.66592547968 9.06909607291e-06
2.66771874989 9.05848817899e-06
2.66951072634 9.04788160235e-06
2.67130174384 9.0372763459e-06
2.67309177601 9.02667242972e-06
2.6813268542 8.97773276125e-06
2.68310584008 8.96713684114e-06
2.68488194616 8.95654243096e-06
2.68665485034 8.94594955104e-06
2.68842459327 8.93535820314e-06
2.69019156509 8.92476837314e-06
2.69657122055 8.88647740918e-06
2.69832872928 8.87589460055e-06
2.70008498076 8.86531329606e-06
2.70184028562 8.85473349724e-06
2.7035945907 8.8441552255e-06
2.70534749619 8.83357851914e-06
2.71340767436 8.78476727571e-06
2.71514794293 8.77419978001e-06
2.71688500733 8.76363401015e-06
2.7186189352 8.75306996461e-06
2.72035013728 8.74250762403e-06
2.72207923484 8.73194696063e-06
2.73004298668 8.68321029192e-06
2.73176266173 8.6726591658e-06
2.73348132112 8.66210974038e-06
2.73519854473 8.65156205753e-06
2.73691370814 8.64101616775e-06
2.7386261843 8.63047211712e-06
2.74649971951 8.58181412988e-06
2.74819792201 8.57128047017e-06
2.74989344625 8.56074868801e-06
2.75158692011 8.55021874988e-06
2.75327896623 8.53969062741e-06
2.75497000148 8.52916430963e-06
2.761070386 8.49110660733e-06
2.76275349163 8.48058899283e-06
2.76443512429 8.47007328537e-06
2.76611465355 8.45955953946e-06
2.76779146217 8.44904780365e-06
2.76946514539 8.43853810787e-06
2.77716316903 8.3900407076e-06
2.7788231178 8.37954231858e-06
2.78048107142 8.36904592647e-06
2.78213764222 8.35855149889e-06
2.78379322419 8.34805902343e-06
2.78544786606 8.33756851473e-06
2.79305894713 8.28916095353e-06
2.79470294291 8.27868205969e-06
2.79634418596 8.26820533416e-06
2.79798229499 8.25773080637e-06
2.79961723664 8.2472584774e-06
2.80124933606 8.23678832197e-06
2.80876349489 8.18847503593e-06
2.81038470307 8.17801688271e-06
2.81200494317 8.16756081634e-06
2.81362423546 8.15710685314e-06
2.81524224385 8.14665503676e-06
2.81685838445 8.13620542674e-06
2.82268046139 8.09842832618e-06
2.82428624995 8.0879890818e-06
2.82588889823 8.07755217992e-06
2.82748840159 8.06711761816e-06
2.82908510891 8.0566853659e-06
2.83067961007 8.0462553765e-06
2.8380221199 7.99812923314e-06
2.83960713805 7.98771192153e-06
2.84119119885 7.97729683761e-06
2.84277394273 7.96688402883e-06
2.84435477525 7.95647355875e-06
2.84593305922 7.9460654889e-06
2.85318700679 7.89804257324e-06
2.85475119657 7.88764800555e-06
2.85631263882 7.87725587019e-06
2.85787193345 7.86686611502e-06
2.85942971476 7.85647869068e-06
2.86098644703 7.84609356885e-06
2.86815088515 7.7981767366e-06
2.86969848885 7.78780504357e-06
2.87124413722 7.77743581016e-06
2.87278720026 7.76706910015e-06
2.87432722546 7.75670495503e-06
2.87586408397 7.74634338243e-06
2.88140781637 7.70888607691e-06
2.88293412828 7.69853606131e-06
2.8844583523 7.6881885305e-06
2.88598111491 7.67784343163e-06
2.8875028584 7.66750073541e-06
2.88902369824 7.6571604478e-06
2.89601814645 7.60945250719e-06
2.89752874156 7.59912640008e-06
2.89903671562 7.58880292812e-06
2.90054163882 7.57848213202e-06
2.90204341181 7.56816401594e-06
2.90354229764 7.5578485477e-06
2.9104411978 7.51025507247e-06
2.911929084 7.4999540733e-06
2.91341597945 7.48965556562e-06
2.91490196993 7.47935955758e-06
2.91638678028 7.46906609458e-06
2.9178698634 7.45877524642e-06
2.92468399818 7.41129748118e-06
2.92615395993 7.40102170042e-06
2.92762079078 7.39074869527e-06
2.92908478035 7.38047842801e-06
2.93054648364 7.37021083654e-06
2.93200654213 7.35994585582e-06
2.93727606873 7.32283941409e-06
2.93872826259 7.31258666116e-06
2.94017954794 7.30233648843e-06
2.94162962329 7.29208894554e-06
2.94307792757 7.28184410635e-06
2.94452382158 7.27160204679e-06
2.95116669049 7.22435058422e-06
2.9525987284 7.21412415117e-06
2.95402797334 7.20390053432e-06
2.95545499376 7.19367966617e-06
2.95688042746 7.18346147805e-06
2.95830477602 7.17324592381e-06
2.96485898615 7.1261163247e-06
2.96627447387 7.11591605806e-06
2.9676881459 7.10571857408e-06
2.96909936748 7.09552395074e-06
2.9705076483 7.08533224221e-06
2.97191280091 7.07514346239e-06
2.97837447931 7.0281381468e-06
2.97976697495 7.01796525389e-06
2.98115794169 7.00779509946e-06
2.98254786022 6.99762763694e-06
2.98393690431 6.98746286144e-06
2.98532488479 6.97730081268e-06
2.99032397438 6.94056912593e-06
2.99170316526 6.93042016107e-06
2.99307986632 6.92027412789e-06
2.99445360887 6.91013107944e-06
2.99582423583 6.89999102565e-06
2.99719195239 6.88985393108e-06
3.00348511241 6.8430875558e-06
3.00484177429 6.83296649741e-06
3.00619742313 6.82284817905e-06
3.00755220205 6.81273259871e-06
3.00890589275 6.80261980057e-06
3.01025798608 6.79250986193e-06
3.01646804108 6.7458708324e-06
3.01780740348 6.73577741244e-06
3.01914366581 6.72568704261e-06
3.02047706229 6.7155996816e-06
3.02180811175 6.70551525519e-06
3.02313745027 6.69543368095e-06
3.02925622409 6.64892413668e-06
3.03057689898 6.63885862318e-06
3.03189645875 6.62879593859e-06
3.03321437707 6.61873616447e-06
3.03453001883 6.60867938963e-06
3.03584284562 6.59862568209e-06
3.0405718204 6.56228636395e-06
3.04187388255 6.55224646773e-06
3.04317312606 6.54220961955e-06
3.04447008635 6.53217573978e-06
3.0457653986 6.52214474255e-06
3.0470595929 6.51211656437e-06
3.05301381347 6.46585445639e-06
3.0542994037 6.45584258374e-06
3.05558330726 6.4458336641e-06
3.05686489075 6.43582778826e-06
3.05814363468 6.42582502321e-06
3.05941930146 6.41582539091e-06
3.06528298933 6.36969570008e-06
3.06654603178 6.35971297477e-06
3.06780748886 6.34973315301e-06
3.06906787108 6.3397561714e-06
3.07032740212 6.32978201306e-06
3.07158594674 6.31981071376e-06
3.07736764524 6.27381278428e-06
3.07861533345 6.26385833104e-06
3.07986015954 6.25390702309e-06
3.08110191682 6.24395887793e-06
3.08234075772 6.23401385968e-06
3.08357714449 6.22407189083e-06
3.08803883648 6.18813603989e-06
3.08926661156 6.17820783765e-06
3.0904933529 6.16828248817e-06
3.09171925296 6.15835997818e-06
3.09294414518 6.14844034848e-06
3.09416755792 6.13852368135e-06
3.09978425243 6.09277863062e-06
3.10099532777 6.0828791435e-06
3.1022033456 6.07298284006e-06
3.10340848958 6.06308967817e-06
3.10461124267 6.05319957451e-06
3.10581223122 6.04331243169e-06
3.11133896006 5.99770169298e-06
3.11253139883 5.98783111169e-06
3.11372280562 5.97796342462e-06
3.11491268862 5.96809871868e-06
3.11610042113 5.95823709376e-06
3.11728544443 5.9483786306e-06
3.12272652183 5.90290205504e-06
3.12389814337 5.89306095078e-06
3.12506743891 5.88322290471e-06
3.12623503662 5.87338781615e-06
3.12740148765 5.86355560532e-06
3.12856708837 5.85372623927e-06
3.13276678281 5.81819896405e-06
3.13392487178 5.80838335205e-06
3.13508139114 5.79857073261e-06
3.13623571322 5.78876120771e-06
3.1373872967 5.77895485666e-06
3.13853586182 5.76915171045e-06
3.14381267046 5.72392988928e-06
3.1449486854 5.71414395573e-06
3.14608306903 5.70436096827e-06
3.14721635432 5.69458084779e-06
3.148348807 5.68480356508e-06
3.14948033985 5.67502915043e-06
3.15467662135 5.62994062888e-06
3.15579769957 5.62018318779e-06
3.15691601183 5.610428925e-06
3.15803130953 5.60067786649e-06
3.15914369802 5.59092997807e-06
3.16025360252 5.58118517608e-06
3.16535928849 5.53623151906e-06
3.16645958278 5.52650339741e-06
3.16755905912 5.51677809995e-06
3.16865759709 5.50705566263e-06
3.16975476079 5.49733617066e-06
3.17084993997 5.48761973073e-06
3.17478933979 5.45250155076e-06
3.1758745495 5.44279922434e-06
3.17695675154 5.43310009376e-06
3.1780360844 5.42340411813e-06
3.17911299674 5.41371120763e-06
3.18018810243 5.40402125226e-06
3.1851341319 5.35932055585e-06
3.18620080292 5.34964702085e-06
3.18726651391 5.33997633209e-06
3.18833080608 5.33030857992e-06
3.18939306389 5.32064387353e-06
3.19045271445 5.31098230534e-06
3.19531514226 5.26641451021e-06
3.19636159419 5.2567701578e-06
3.19740569087 5.24712884162e-06
3.19844805058 5.23749044847e-06
3.19948923938 5.22785488384e-06
3.20052958841 5.21822210213e-06
3.2053100379 5.1737861231e-06
3.20634162355 5.16416975756e-06
3.20737112486 5.15455642536e-06
3.20839798486 5.14494621722e-06
3.20942188891 5.13533917337e-06
3.21044286655 5.12573526985e-06
3.21412316788 5.09102205282e-06
3.21513462479 5.08143191816e-06
3.21614441425 5.07184466753e-06
3.21715308554 5.06226020759e-06
3.21816093913 5.05267849712e-06
3.21916792968 5.04309956004e-06
3.22379014211 4.99891256206e-06
3.22478705071 4.98935013227e-06
3.22578128585 4.97979080589e-06
3.22677256419 4.97023461766e-06
3.22776095001 4.96068153648e-06
3.22874683429 4.95113147467e-06
3.2332801111 4.90707569894e-06
3.23425643698 4.89754180832e-06
3.23523196389 4.88801062837e-06
3.2362066117 4.8784821894e-06
3.2371799775 4.86895657797e-06
3.23815146617 4.85943390828e-06
3.24260551959 4.81550682136e-06
3.2435643397 4.80600089682e-06
3.24452030447 4.79649803915e-06
3.24547383077 4.78699815412e-06
3.24642551861 4.77750112142e-06
3.24737595734 4.76800683269e-06
3.25080218233 4.73368952797e-06
3.25174554901 4.72420823395e-06
3.25268801704 4.71472964373e-06
3.25362915815 4.70525384956e-06
3.25456836944 4.69578096826e-06
3.25550506879 4.68631110271e-06
3.25980008566 4.6426268665e-06
3.2607237984 4.63317353212e-06
3.26164513782 4.62372311721e-06
3.26256471068 4.61427549824e-06
3.26348309295 4.60483056773e-06
3.26440064379 4.59538826822e-06
3.26861499559 4.55182981949e-06
3.2695240701 4.54240309e-06
3.27043116177 4.53297923951e-06
3.27133570291 4.52355836895e-06
3.27223735072 4.51414052754e-06
3.27313609829 4.50472569576e-06
3.27726358447 4.46129332779e-06
3.27815121128 4.45189431412e-06
3.27903770391 4.44249792834e-06
3.27992339091 4.43310411801e-06
3.28080826267 4.42371290038e-06
3.28169197462 4.41432435592e-06
3.28486751967 4.38039045088e-06
3.28574264706 4.37101478046e-06
3.28661518714 4.36164204872e-06
3.28748482848 4.3522722989e-06
3.28835160026 4.34290550373e-06
3.28921586276 4.33354157317e-06
3.29318780261 4.29034283741e-06
3.29404256964 4.28099409246e-06
3.29489655318 4.2716478632e-06
3.29574970741 4.26230417404e-06
3.29660165904 4.25296311177e-06
3.29745182825 4.2436247965e-06
3.30134627532 4.20054655347e-06
3.30218406821 4.19122394525e-06
3.30301902568 4.18190423078e-06
3.30385153614 4.17258731308e-06
3.30468218536 4.1632730635e-06
3.30551156722 4.15396136226e-06
3.30932285614 4.11100308262e-06
3.31014444597 4.10170592487e-06
3.31096478768 4.09241134393e-06
3.31178329146 4.0831194627e-06
3.31259936983 4.07383039317e-06
3.31341262803 4.06454419884e-06
3.31633776841 4.03097832058e-06
3.31714107022 4.02170464793e-06
3.31794198959 4.01243369866e-06
3.31874112121 4.00316534095e-06
3.319539047 3.99389945615e-06
3.32033614808 3.98463597609e-06
3.32399514505 3.94190022087e-06
3.32478402347 3.93265104011e-06
3.32557100793 3.92340450777e-06
3.32635552398 3.9141607337e-06
3.32713720671 3.9049197754e-06
3.32791601885 3.89568161807e-06
3.33148985812 3.85306203538e-06
3.33225762974 3.84383844203e-06
3.33302425492 3.83461724217e-06
3.33379008424 3.82539837326e-06
3.33455513775 3.81618184614e-06
3.33531909853 3.80696774026e-06
3.33881757684 3.76446049893e-06
3.33957067473 3.75526085473e-06
3.34032092949 3.74606396192e-06
3.34106834117 3.73686979731e-06
3.34181324328 3.72767826959e-06
3.34255619492 3.71848924744e-06
3.34523427978 3.6852722913e-06
3.34596975575 3.67609457129e-06
3.34670446078 3.66691910528e-06
3.3474383775 3.65774591202e-06
3.3481711583 3.6485750778e-06
3.34890223801 3.63940672731e-06
3.35224735241 3.59710998574e-06
3.35296632325 3.58795591637e-06
3.35368248218 3.57880449743e-06
3.35439619283 3.56965563024e-06
3.35510802724 3.56050917963e-06
3.35581858092 3.55136501617e-06
3.3590817699 3.50917672771e-06
3.35978468873 3.50004558829e-06
3.36048642532 3.49091674291e-06
3.36118640254 3.48179031928e-06
3.3618840305 3.47266643706e-06
3.36257889784 3.46354516755e-06
3.3657608944 3.42146362185e-06
3.3664435602 3.41235609643e-06
3.36712442435 3.4032508945e-06
3.36780407168 3.39414788804e-06
3.36848289988 3.38504699959e-06
3.36916099098 3.37594822582e-06
3.37159648588 3.34305821223e-06
3.37226730954 3.33397000834e-06
3.37293631478 3.324884161e-06
3.37360292356 3.31580078765e-06
3.37426675422 3.30671995308e-06
3.37492774508 3.29764164696e-06
3.37795771883 3.25575639251e-06
3.37860775536 3.24669105388e-06
3.37925663674 3.23762781593e-06
3.37990473016 3.22856660746e-06
3.38055207946 3.21950743346e-06
3.38119839097 3.21045037204e-06
3.38415430318 3.16866438526e-06
3.38479002046 3.15962010592e-06
3.38542294565 3.1505782872e-06
3.38605305542 3.14153890983e-06
3.38668066085 3.132501882e-06
3.38730630668 3.12346706745e-06
3.39017856169 3.08178036e-06
3.39079605156 3.07275738221e-06
3.39141278581 3.06373635669e-06
3.39202843831 3.05471736892e-06
3.39264245725 3.04570054709e-06
3.39325424417 3.03668601892e-06
3.39544756528 3.00409945677e-06
3.3960497117 2.99509517802e-06
3.39664907106 2.98609324922e-06
3.39724598627 2.97709357085e-06
3.39784101678 2.96809600257e-06
3.39843475759 2.95910040711e-06
3.40115906246 2.91759385355e-06
3.40174530289 2.90860947061e-06
3.40233041422 2.89962704865e-06
3.40291383095 2.89064671912e-06
3.40349496302 2.88166860797e-06
3.40407338716 2.87269279311e-06
3.40671794336 2.83127867881e-06
3.40728429722 2.82231481263e-06
3.40784884176 2.81335295015e-06
3.40841216235 2.80439295578e-06
3.40897466846 2.79543474427e-06
3.40953646118 2.78647830671e-06
3.41210642015 2.74515292783e-06
3.41265934618 2.73620752934e-06
3.4132099364 2.72726427087e-06
3.41375779723 2.71832322334e-06
3.41430284825 2.70938438035e-06
3.4148453481 2.70044765837e-06
3.41679765223 2.6681386932e-06
3.41733183518 2.65921094683e-06
3.41786485758 2.65028496152e-06
3.41839709835 2.64136065894e-06
3.41892861948 2.63243803909e-06
3.41945914595 2.62351717872e-06
3.42188100898 2.5823556006e-06
3.42240116553 2.5734455831e-06
3.42291857485 2.56453768761e-06
3.42343319584 2.55563189826e-06
3.42394532161 2.54672812312e-06
3.42445548445 2.5378262221e-06
3.42679479936 2.49674860034e-06
3.42729688692 2.4878565677e-06
3.42779824374 2.47896612538e-06
3.4282985608 2.47007735802e-06
3.42879729789 2.46119039648e-06
3.42929385889 2.45230537363e-06
3.43155762305 2.41130793297e-06
3.43204192509 2.40243353434e-06
3.43252379099 2.39356103971e-06
3.43300376921 2.3846903048e-06
3.43348245273 2.37582118615e-06
3.43396028717 2.36695358564e-06
3.43567589006 2.33489384705e-06
3.43614718368 2.32603390019e-06
3.43661738879 2.31717554249e-06
3.43708595005 2.30831890832e-06
3.43755227882 2.29946412857e-06
3.43801594423 2.29061128641e-06
3.44013083889 2.2497602674e-06
3.44058255369 2.24091734634e-06
3.44103245672 2.23207606808e-06
3.44148113209 2.22323629112e-06
3.44192899672 2.21439792409e-06
3.44237616532 2.20556095363e-06
3.44441737722 2.16478233008e-06
3.44485585276 2.15595429925e-06
3.445292041 2.14712803612e-06
3.44572554081 2.13830361643e-06
3.4461562584 2.12948103694e-06
3.44658443759 2.12066021446e-06
3.44854324125 2.07995374395e-06
3.44896200968 2.07114156014e-06
3.44938000131 2.06233067721e-06
3.44979729085 2.05352109127e-06
3.45021361731 2.04471287795e-06
3.45062846862 2.03590616588e-06
3.45210864844 2.00406648822e-06
3.45251478227 1.99526697924e-06
3.45291820639 1.98646921654e-06
3.45331886731 1.97767318694e-06
3.45371704465 1.9688787984e-06
3.45411326046 1.96008590794e-06
3.45592667299 1.91950657573e-06
3.45631488208 1.91072139331e-06
3.45670237783 1.90193740787e-06
3.45708886392 1.89315470342e-06
3.45747380962 1.88437341283e-06
3.45785662211 1.87559367282e-06
3.45959547024 1.83507734861e-06
3.45996616359 1.82630606729e-06
3.46033443147 1.81753630829e-06
3.46070081331 1.80876792441e-06
3.46106589898 1.8000007675e-06
3.46143013781 1.79123473453e-06
3.46309289699 1.7507788591e-06
3.46344961757 1.74201984782e-06
3.46380473095 1.73326216176e-06
3.46415765117 1.72450593546e-06
3.46450794358 1.71575125596e-06
3.46485546571 1.70699813245e-06
3.4660995663 1.67534837108e-06
3.46643801155 1.66660140746e-06
3.46677464694 1.65785569399e-06
3.467110054 1.64911108487e-06
3.46744465319 1.64036748431e-06
3.46777856766 1.6316248757e-06
3.46929723673 1.59127672553e-06
3.46962258486 1.58254079893e-06
3.46994568152 1.57380623929e-06
3.47026612201 1.56507312578e-06
3.47058380443 1.55634145734e-06
3.47089896249 1.54761115092e-06
3.47233606247 1.50731736527e-06
3.47264186973 1.49859343999e-06
3.47294690349 1.48987040765e-06
3.47325124597 1.48114826176e-06
3.47355464555 1.47242707725e-06
3.47385659834 1.46370698422e-06
3.47522195263 1.42346248225e-06
3.47551260783 1.41474905952e-06
3.47580052188 1.40603696823e-06
3.47608596546 1.39732611611e-06
3.47636945274 1.38861635805e-06
3.47665157481 1.37990754098e-06
3.47766253352 1.34841551701e-06
3.47793806894 1.33971116471e-06
3.47821290112 1.33100759351e-06
3.47848674194 1.32230488717e-06
3.4787590679 1.31360318006e-06
3.47902929008 1.3049026116e-06
3.48024852688 1.26474651641e-06
3.48050673802 1.2560521012e-06
3.4807625361 1.24735880012e-06
3.48101645361 1.23866646381e-06
3.48126907649 1.22997494096e-06
3.48152085434 1.22128412527e-06
3.48266459727 1.18117011839e-06
3.48290892977 1.17248398067e-06
3.48315167764 1.16379874928e-06
3.48339225856 1.15511456122e-06
3.48363023757 1.14643150592e-06
3.48386546815 1.13774959411e-06
3.48492967836 1.09767625096e-06
3.4851540899 1.0889994113e-06
3.48537727512 1.08032325709e-06
3.48559965436 1.0716476898e-06
3.48582135422 1.06297269096e-06
3.48604216648 1.05429832603e-06
3.48682215468 1.0229312393e-06
3.48703536686 1.01426055454e-06
3.48724635052 1.00559081622e-06
3.48745470117 9.96922105543e-07
3.48766031373 9.88254422489e-07
3.48786341646 9.79587683742e-07
3.48878324665 9.39581906454e-07
3.48897704914 9.30919177908e-07
3.48917007978 9.22256916387e-07
3.48936242335 9.1359511408e-07
3.48955383304 9.0493384586e-07
3.48974381053 8.96273242888e-07
3.49059238584 8.56297920711e-07
3.49077115031 8.47641605491e-07
3.49094719197 8.38986199719e-07
3.49112077702 8.30331610637e-07
3.49129241428 8.21677691569e-07
3.49146269027 8.13024287372e-07
3.49223288808 7.73078198769e-07
3.49239591245 7.64427636364e-07
3.49255795209 7.55777508637e-07
3.4927184884 7.47127951049e-07
3.49287693684 7.38479104543e-07
3.49303283681 7.29831067618e-07
3.49358028546 6.98556275434e-07
3.4937267973 6.89911181565e-07
3.4938709095 6.8126677495e-07
3.49401314977 6.72622904838e-07
3.49415409949 6.6397941812e-07
3.49429420535 6.55336206971e-07
3.49492245799 6.1543640094e-07
3.49505515276 6.06795445106e-07
3.49518627137 5.98154964071e-07
3.49531523591 5.89515096089e-07
3.49544161446 5.80875931555e-07
3.49556526123 5.72237481518e-07
3.4961143885 5.32359204658e-07
3.49622727099 5.2372340386e-07
3.49633893136 5.1508785514e-07
3.49644978639 5.06452458918e-07
3.4965599613 4.97817196316e-07
3.49666924905 4.89182133134e-07
3.49714766766 4.49320208235e-07
3.49724716667 4.40687338486e-07
3.49734404639 4.32055064344e-07
3.49743820341 4.23423385651e-07
3.49752986505 4.14792218352e-07
3.49761951539 4.06161419531e-07
3.49793523113 3.74945032765e-07
3.49801763196 3.66315433546e-07
3.49809926079 3.57685864744e-07
3.49818020011 3.49056318645e-07
3.49826020345 3.4042687065e-07
3.49833877538 3.3179765273e-07
3.4986731154 2.91961596598e-07
3.49874051293 2.833342227e-07
3.49880520201 2.74707323362e-07
3.4988674487 2.66080804945e-07
3.49892775894 2.5745451976e-07
3.49898671438 2.48828311841e-07
3.49924295076 2.09002120748e-07
3.49929466584 2.00376298464e-07
3.49934539126 1.91750473915e-07
3.49939461103 1.83124783309e-07
3.4994417454 1.74499367993e-07
3.49948633927 1.65874326414e-07
3.49966651438 1.26054933964e-07
3.49969936603 1.17431065462e-07
3.49973035718 1.08807294451e-07
3.49976006412 1.00183467404e-07
3.4997889275 9.15594766165e-08
3.4998171094 8.29352929213e-08
3.49990355566 5.17427344094e-08
3.49992500255 4.31185376156e-08
3.49994486777 3.44943787162e-08
3.49996257858 2.58703960904e-08
3.49997770936 1.72466795928e-08
3.49999011976 8.62323930944e-09